100 273
100 445
100 329
200 628
200 584
200 970
300 1005
300 1225
300 1377
400 2164
400 1630
400 1946
500 1929
500 2438
500 1879
600 3439
600 3158
600 2635
700 3149
700 3405
700 3780
800 4293
800 4109
800 4076
900 5120
900 4654
900 4667
1000 4934
1000 5396
1000 5584
1100 7356
1100 5063
1100 6453
1200 7121
1200 8012
1200 6473
1300 7148
1300 7581
1300 8489
1400 7262
1400 7905
1400 8709
1500 8349
1500 10177
1500 7725
1600 8600
1600 8941
1600 9221
1700 10976
1700 9768
1700 8297
1800 9782
1800 8784
1800 11777
1900 10936
1900 13363
1900 12742
2000 13073
2000 10779
2000 12315
2100 12166
2100 11928
2100 13988
2200 14898
2200 13229
2200 12106
2300 17165
2300 12444
2300 15547
2400 15680
2400 14093
2400 17487
2500 15327
2500 14830
2500 17976
2600 16636
2600 16700
2600 16080
2700 17761
2700 16314
2700 19386
2800 18118
2800 18792
2800 15518
2900 19424
2900 18132
2900 19133
3000 19562
3000 18879
3000 18131
3100 21251
3100 17711
3100 19335
3200 21900
3200 19828
3200 22763
3300 22386
3300 22351
3300 22655
3400 24569
3400 20193
3400 23759
3500 26344
3500 24471
3500 22325
3600 26035
3600 24278
3600 24589
3700 24285
3700 30253
3700 22419
3800 24879
3800 24704
3800 28775
3900 27078
3900 22337
3900 25288
4000 28998
4000 26286
4000 27896
4100 26076
4100 27670
4100 31445
4200 33134
4200 32099
4200 25848
4300 33106
4300 29163
4300 28973
4400 32525
4400 28575
4400 33025
4500 29939
4500 27878
4500 27029
4600 28206
4600 30165
4600 39411
4700 32448
4700 32219
4700 32588
4800 31129
4800 36333
4800 37159
4900 35293
4900 36321
4900 34785
5000 31875
5000 32008
5000 32666
5100 35543
5100 34334
5100 35688
5200 35439
5200 35607
5200 33956
5300 38045
5300 36178
5300 36140
5400 38588
5400 39133
5400 33779
5500 39800
5500 40583
5500 32548
5600 38322
5600 44519
5600 43555
5700 38785
5700 39815
5700 42329
5800 42260
5800 41289
5800 34776
5900 50406
5900 36731
5900 46313
6000 44488
6000 37772
6000 44468
6100 41098
6100 39269
6100 44528
6200 46319
6200 45162
6200 42132
6300 43991
6300 46568
6300 40055
6400 42137
6400 47280
6400 44866
6500 54351
6500 45299
6500 46139
6600 45885
6600 53787
6600 48413
6700 50511
6700 41797
6700 63811
6800 53132
6800 57086
6800 44831
6900 53382
6900 47773
6900 60684
7000 45802
7000 45821
7000 51395
7100 54169
7100 50172
7100 54163
7200 56874
7200 48100
7200 56198
7300 50222
7300 51389
7300 50808
7400 53917
7400 57774
7400 51586
7500 52495
7500 53713
7500 56108
7600 57724
7600 56802
7600 50996
7700 50059
7700 60329
7700 68153
7800 56902
7800 57793
7800 53526
7900 56601
7900 58683
7900 56036
8000 60481
8000 52328
8000 57422
8100 58500
8100 60041
8100 58698
8200 64453
8200 56081
8200 52216
8300 71841
8300 63830
8300 61435
8400 64539
8400 65311
8400 67061
8500 62676
8500 70326
8500 67633
8600 73326
8600 63409
8600 62152
8700 75718
8700 65155
8700 65965
8800 71360
8800 61770
8800 62906
8900 60408
8900 74300
8900 65235
9000 78580
9000 57791
9000 65448
9100 61339
9100 62577
9100 68867
9200 73825
9200 66621
9200 66415
9300 70218
9300 70481
9300 72214
9400 68254
9400 78856
9400 84925
9500 78507
9500 78834
9500 74828
9600 79422
9600 79019
9600 69108
9700 73837
9700 72338
9700 71312
9800 73364
9800 66138
9800 85580
9900 78163
9900 78580
9900 83557
10000 76886
10000 101162
10000 77779
10100 86678
10100 88295
10100 83965
10200 79019
10200 75503
10200 79028
10300 72686
10300 65180
10300 73081
10400 80435
10400 85930
10400 73873
10500 80065
10500 88732
10500 84230
10600 79342
10600 83932
10600 74370
10700 82239
10700 89579
10700 92710
10800 72872
10800 92610
10800 95160
10900 77261
10900 80138
10900 89591
11000 86698
11000 91033
11000 79881
11100 78137
11100 88085
11100 78176
11200 95975
11200 95408
11200 88619
11300 90624
11300 85316
11300 89939
11400 95884
11400 85585
11400 83332
11500 80872
11500 93985
11500 87183
11600 86227
11600 93167
11600 86035
11700 89484
11700 89493
11700 96358
11800 93715
11800 91284
11800 104049
11900 88059
11900 96807
11900 105973
12000 90931
12000 85744
12000 92362
12100 89647
12100 92533
12100 93124
12200 103445
12200 95566
12200 92599
12300 97569
12300 92374
12300 97451
12400 89330
12400 88343
12400 107855
12500 98992
12500 99802
12500 94599
12600 97130
12600 92564
12600 105077
12700 98288
12700 97713
12700 100368
12800 98698
12800 91080
12800 105667
12900 97259
12900 99182
12900 98982
13000 97042
13000 108924
13000 104813
13100 114945
13100 104508
13100 105889
13200 109116
13200 99964
13200 101644
13300 111125
13300 99200
13300 96152
13400 110627
13400 104119
13400 95973
13500 112770
13500 106052
13500 117924
13600 106682
13600 107532
13600 114039
13700 115946
13700 106679
13700 99919
13800 108750
13800 121647
13800 102365
13900 108268
13900 111253
13900 123203
14000 109190
14000 109804
14000 102385
14100 115761
14100 112351
14100 97845
14200 128980
14200 116514
14200 93539
14300 126164
14300 124142
14300 115486
14400 117997
14400 113177
14400 103860
14500 128348
14500 115540
14500 112605
14600 118468
14600 113904
14600 106229
14700 123460
14700 126446
14700 112367
14800 124798
14800 119877
14800 112556
14900 124998
14900 120232
14900 126369
15000 138404
15000 131067
15000 114185
15100 135835
15100 114332
15100 140197
15200 127336
15200 126813
15200 127762
15300 130298
15300 116724
15300 115636
15400 130382
15400 121759
15400 111002
15500 119439
15500 124984
15500 135804
15600 134104
15600 135662
15600 135575
15700 110052
15700 113203
15700 152445
15800 132413
15800 118748
15800 127917
15900 128095
15900 128886
15900 111585
16000 134511
16000 134299
16000 125143
16100 121334
16100 124161
16100 137191
16200 125056
16200 144184
16200 131446
16300 138590
16300 114030
16300 130487
16400 130329
16400 134776
16400 141158
16500 132679
16500 146875
16500 131964
16600 128912
16600 124759
16600 144501
16700 134662
16700 117955
16700 144111
16800 123491
16800 145409
16800 140449
16900 136204
16900 137311
16900 128401
17000 145165
17000 138768
17000 136663
17100 127481
17100 133892
17100 128951
17200 134980
17200 140329
17200 125997
17300 134693
17300 136427
17300 138101
17400 147532
17400 140997
17400 144331
17500 146272
17500 139865
17500 144168
17600 147946
17600 134390
17600 137857
17700 143307
17700 149987
17700 148265
17800 140622
17800 134722
17800 153167
17900 150459
17900 149571
17900 148961
18000 161681
18000 165187
18000 161859
18100 145976
18100 146695
18100 156384
18200 154030
18200 153515
18200 170343
18300 153203
18300 146199
18300 154588
18400 155658
18400 146541
18400 154947
18500 168125
18500 140538
18500 160762
18600 174899
18600 151203
18600 162871
18700 170893
18700 161636
18700 140795
18800 146536
18800 134858
18800 159448
18900 185610
18900 146892
18900 150462
19000 146873
19000 146168
19000 181944
19100 168641
19100 148939
19100 151980
19200 149160
19200 161474
19200 164917
19300 177136
19300 164320
19300 155582
19400 162184
19400 158937
19400 156640
19500 155662
19500 164363
19500 149714
19600 159091
19600 153558
19600 168908
19700 153431
19700 160723
19700 158339
19800 159535
19800 155498
19800 164483
19900 167261
19900 176435
19900 173635
20000 161785
20000 177854
20000 152307
20100 178207
20100 169058
20100 180122
20200 173831
20200 156606
20200 210733
20300 158521
20300 163233
20300 162678
20400 174842
20400 190636
20400 187488
20500 176310
20500 175915
20500 170102
20600 168534
20600 151070
20600 157451
20700 188542
20700 189436
20700 167016
20800 164555
20800 189092
20800 169915
20900 181943
20900 167580
20900 157337
21000 180102
21000 181835
21000 173821
21100 198769
21100 174771
21100 192700
21200 189950
21200 161247
21200 176942
21300 203447
21300 203840
21300 176567
21400 178545
21400 165231
21400 188601
21500 190121
21500 167958
21500 189001
21600 197093
21600 159799
21600 186148
21700 206558
21700 158939
21700 175134
21800 168573
21800 192771
21800 157323
21900 177676
21900 196632
21900 181655
22000 179691
22000 173370
22000 180714
22100 177473
22100 206123
22100 169201
22200 167669
22200 164444
22200 214043
22300 172508
22300 166810
22300 169128
22400 199823
22400 178716
22400 195284
22500 190358
22500 181387
22500 193809
22600 178953
22600 178706
22600 188648
22700 210441
22700 178767
22700 189064
22800 220160
22800 186369
22800 167840
22900 198422
22900 182099
22900 192369
23000 219365
23000 194535
23000 196997
23100 222725
23100 204827
23100 194302
23200 204046
23200 186914
23200 183793
23300 208849
23300 198367
23300 213225
23400 203426
23400 204013
23400 191023
23500 195981
23500 194048
23500 208960
23600 205861
23600 183739
23600 210605
23700 208418
23700 201406
23700 202254
23800 212385
23800 195686
23800 205712
23900 239355
23900 206906
23900 196720
24000 245101
24000 218038
24000 213737
24100 198927
24100 185279
24100 221232
24200 203766
24200 186647
24200 199216
24300 214573
24300 208338
24300 187464
24400 191827
24400 190656
24400 209057
24500 203839
24500 213950
24500 220481
24600 223376
24600 201550
24600 240871
24700 213509
24700 210005
24700 200623
24800 190771
24800 191528
24800 227266
24900 223728
24900 205769
24900 221790
25000 226910
25000 214280
25000 186942
25100 228449
25100 194639
25100 213554
25200 225320
25200 195870
25200 219298
25300 214863
25300 206608
25300 214111
25400 247869
25400 224093
25400 240566
25500 209233
25500 200931
25500 220923
25600 203448
25600 234553
25600 244490
25700 223906
25700 218468
25700 217106
25800 230444
25800 242182
25800 229736
25900 211212
25900 225473
25900 231595
26000 204099
26000 224735
26000 235426
26100 229906
26100 204167
26100 241856
26200 214564
26200 220755
26200 212950
26300 224276
26300 244044
26300 212015
26400 236282
26400 224820
26400 220313
26500 268365
26500 214335
26500 222588
26600 238233
26600 226468
26600 239779
26700 233768
26700 229739
26700 207679
26800 274510
26800 200425
26800 230489
26900 207788
26900 231831
26900 246518
27000 231539
27000 235480
27000 237677
27100 205600
27100 239797
27100 268253
27200 233826
27200 222202
27200 217650
27300 237591
27300 220707
27300 234167
27400 219328
27400 248386
27400 241379
27500 218224
27500 214069
27500 266503
27600 269685
27600 304448
27600 240815
27700 221986
27700 246441
27700 261254
27800 231191
27800 241076
27800 206825
27900 238590
27900 258527
27900 214215
28000 263164
28000 243147
28000 261034
28100 254463
28100 254805
28100 240840
28200 237017
28200 275234
28200 225372
28300 242320
28300 256463
28300 243348
28400 232536
28400 258341
28400 254862
28500 257117
28500 242060
28500 232203
28600 234569
28600 223235
28600 227759
28700 245841
28700 231006
28700 240946
28800 251796
28800 243170
28800 234820
28900 227877
28900 272572
28900 259686
29000 277989
29000 226918
29000 247103
29100 232210
29100 235373
29100 252533
29200 241232
29200 247507
29200 232566
29300 240733
29300 257107
29300 285036
29400 246668
29400 244095
29400 270032
29500 232571
29500 284057
29500 282972
29600 259389
29600 241220
29600 239433
29700 263922
29700 249432
29700 247827
29800 251544
29800 253494
29800 240292
29900 238010
29900 274867
29900 256071
30000 236933
30000 254425
30000 246143
30100 246511
30100 246041
30100 260843
30200 289336
30200 281492
30200 281841
30300 252737
30300 249793
30300 271394
30400 299624
30400 318838
30400 302394
30500 269405
30500 241146
30500 266286
30600 267278
30600 259696
30600 272899
30700 267807
30700 255153
30700 259380
30800 249843
30800 248406
30800 274286
30900 266206
