100 2508
100 2583
100 2375
200 9416
200 9943
200 10661
300 21757
300 22612
300 21401
400 40313
400 41846
400 41056
500 63307
500 62382
500 61081
600 89313
600 92784
600 87864
700 118456
700 124742
700 118594
800 167966
800 157378
800 155738
900 212979
900 200381
900 202921
1000 248036
1000 250393
1000 259947
1100 298158
1100 295552
1100 297374
1200 353541
1200 349940
1200 361692
1300 416344
1300 430860
1300 426698
1400 482681
1400 478909
1400 498411
1500 574330
1500 557881
1500 559251
1600 645204
1600 646158
1600 639735
1700 731753
1700 725029
1700 712511
1800 787717
1800 817721
1800 798891
1900 892732
1900 882676
1900 893517
2000 1005504
2000 991463
2000 993306
2100 1127545
2100 1125821
2100 1073941
2200 1205943
2200 1225019
2200 1196431
2300 1317261
2300 1325997
2300 1333814
2400 1396160
2400 1402024
2400 1418878
2500 1593603
2500 1544605
2500 1602864
2600 1657218
2600 1708751
2600 1681852
2700 1802123
2700 1853927
2700 1849825
2800 2008391
2800 1966337
2800 1960186
2900 2121829
2900 2093917
2900 2077811
3000 2188074
3000 2254085
3000 2289897
3100 2390030
3100 2391429
3100 2402795
3200 2545095
3200 2510083
3200 2560648
3300 2719147
3300 2720093
3300 2731304
3400 2900375
3400 2908811
3400 2914843
3500 3100523
3500 3024011
3500 3017476
3600 3289329
3600 3218678
3600 3220470
3700 3339572
3700 3345333
3700 3431154
3800 3630575
3800 3604063
3800 3633516
3900 3784599
3900 3787078
3900 3790472
4000 4030847
4000 4060727
4000 3972313
4100 4183634
4100 4262745
4100 4138875
4200 4396206
4200 4408939
4200 4323659
4300 4607392
4300 4633537
4300 4618148
4400 4808001
4400 4823213
4400 4839623
4500 5116283
4500 5115413
4500 5082136
4600 5270456
4600 5262514
4600 5323978
4700 5488750
4700 5435760
4700 5499617
4800 5691020
4800 5722175
4800 5756497
4900 6019141
4900 5989976
4900 5991707
5000 6275228
5000 6188679
5000 6346530
5100 6592520
5100 6479780
5100 6502359
5200 6689360
5200 6819560
5200 6721274
5300 7131423
5300 6968821
5300 6991989
5400 7224586
5400 7297492
5400 7292989
5500 7563785
5500 7653348
5500 7527969
5600 7689179
5600 7834542
5600 7818645
5700 8226316
5700 8001847
5700 8103905
5800 8434746
5800 8354933
5800 8423138
5900 8591188
5900 8743017
5900 8617996
6000 8942464
6000 8953919
6000 9010302
6100 9278009
6100 9236719
6100 9380907
6200 9535483
6200 9695559
6200 9631997
6300 10005292
6300 9792186
6300 9859349
6400 10239309
6400 10110840
6400 10251441
6500 10571714
6500 10460075
6500 10615916
6600 10840700
6600 10912534
6600 10917064
6700 11134861
6700 11188693
6700 11186356
6800 11362939
6800 11602846
6800 11452617
6900 11993427
6900 12000239
6900 11797586
7000 12278537
7000 12205194
7000 12051057
7100 12423725
7100 12472884
7100 12572327
7200 13017363
7200 13009523
7200 13005379
7300 13290779
7300 13303608
7300 13357151
7400 13622626
7400 13659746
7400 13683038
7500 14082508
7500 14013665
7500 14051969
7600 14284749
7600 14255888
7600 14331535
7700 14852422
7700 14947654
7700 14798674
7800 15270273
7800 15109629
7800 15127159
7900 15506941
7900 15546535
7900 15523878
8000 15955028
8000 15991906
8000 16124054
8100 16379546
8100 16553647
8100 16426400
8200 16800488
8200 16630682
8200 16849284
8300 17366047
8300 17049804
8300 16931121
8400 17789577
8400 17661410
8400 17716915
8500 18202519
8500 17983790
8500 18162124
8600 18694684
8600 18473837
8600 18346782
8700 18931710
8700 19063351
8700 18798669
8800 19390459
8800 19109643
8800 19563571
8900 19989259
8900 19829026
8900 19667975
9000 20304523
9000 19920116
9000 20318322
9100 20644749
9100 20264381
9100 20698840
9200 21168061
9200 21369355
9200 20934011
9300 21410928
9300 21559433
9300 21535645
9400 21925394
9400 21917330
9400 22158010
9500 22285574
9500 22344460
9500 22537896
9600 22889482
9600 23499312
9600 22989634
9700 23305918
9700 23692009
9700 23347513
9800 24057144
9800 23796753
9800 23671024
9900 24727011
9900 24603220
9900 24454165
10000 24718170
10000 24820071
10000 24993713
10100 25763223
10100 25292499
10100 25357577
10200 26047142
10200 25959028
10200 25789147
10300 26508966
10300 26184864
10300 26474090
10400 26921434
10400 26993697
10400 27304615
10500 27693833
10500 27398790
10500 27341309
10600 28338764
10600 27922907
10600 27891870
10700 28555348
10700 28688049
10700 28553440
10800 28961637
10800 29437678
10800 29183798
10900 29611070
10900 29805078
10900 29692327
11000 29941943
11000 30173202
11000 30488861
11100 30600951
11100 30944995
11100 30723132
11200 31530380
11200 31469785
11200 31192824
11300 31720126
11300 31797379
11300 32065406
11400 32421055
11400 32599994
11400 32840551
11500 33341817
11500 33078040
11500 32860809
11600 33185333
11600 33572392
11600 33577754
11700 34515505
11700 34746239
11700 33972422
11800 35150925
11800 34609235
11800 35328524
11900 35581288
11900 35019491
11900 34968274
12000 35810521
12000 36210641
12000 35984187
12100 36605771
12100 36978567
12100 36374432
12200 37147851
12200 37498340
12200 37170681
12300 37823251
12300 37840970
12300 37741533
12400 38928163
12400 38569110
12400 38352871
12500 39169976
12500 38882563
12500 39069931
12600 39622663
12600 40141077
12600 39604343
12700 40256105
12700 40706532
12700 40740177
12800 40962974
12800 41076288
12800 41089531
12900 41405271
12900 41194414
12900 41610211
13000 42014042
13000 42323411
13000 42093294
13100 43057413
13100 43116914
13100 42549083
13200 43688264
13200 43505386
13200 43503626
13300 44447967
13300 44722142
13300 44478179
13400 44647919
13400 45189211
13400 44554046
13500 45650954
13500 45907527
13500 45505697
13600 45555037
13600 46332176
13600 46419040
13700 47030669
13700 46882635
13700 47285563
13800 47192027
13800 47853314
13800 47320452
13900 48474047
13900 48341874
13900 48313622
14000 48726431
14000 49408926
14000 49169716
14100 49362080
14100 49601957
14100 49857614
14200 50633385
14200 50409761
14200 50672245
14300 50946116
14300 51251497
14300 50860189
14400 52115907
14400 51277874
14400 51938115
14500 53040590
14500 52554557
14500 52876421
14600 52928407
14600 53672400
14600 53898347
14700 54055201
14700 53570730
14700 53823526
14800 54701964
14800 54488641
14800 54554871
14900 55414398
14900 56040349
14900 55648556
15000 55964451
15000 55649853
15000 56374549
15100 56679873
15100 56887177
15100 57017662
15200 57731226
15200 57255608
15200 58101391
15300 58770085
15300 58692051
15300 57577401
15400 59078267
15400 59219166
15400 59470545
15500 60262648
15500 59951832
15500 60002820
15600 60948058
15600 60071224
15600 60636740
15700 61806490
15700 61575434
15700 61781672
15800 61933348
15800 62708449
15800 61962132
15900 63195372
15900 62920682
15900 62935020
16000 63772151
16000 63380592
16000 63781351
16100 64466222
16100 64698776
16100 64897488
16200 65900935
16200 65933737
16200 65834261
16300 66304755
16300 66582035
16300 66386513
16400 67065127
16400 67385823
16400 67294045
16500 68151565
16500 68192704
16500 67823450
16600 69502816
16600 69076984
16600 68927416
16700 70015506
16700 69454186
16700 69828167
16800 70516123
16800 70212244
16800 70375308
16900 70517539
16900 71115692
16900 71452780
17000 72478315
17000 73012668
17000 71862398
17100 73634492
17100 72907856
17100 71820492
17200 73677472
17200 73097098
17200 73624450
17300 75484228
17300 74906584
17300 75139859
17400 75583141
17400 75994189
17400 75272139
17500 77123487
17500 75748772
17500 76726761
17600 77333132
17600 77519870
17600 77095630
17700 78076655
17700 78586684
17700 78390923
17800 79458101
17800 78981745
17800 78794314
17900 79823373
17900 80251696
17900 80117500
18000 80462566
18000 81163726
18000 80843724
18100 81804204
18100 81446337
18100 81025384
18200 83349383
18200 82384062
18200 82587927
18300 84681688
18300 83569078
18300 83096875
18400 84960578
18400 85009097
18400 85383541
18500 84993113
18500 85446999
18500 84925392
18600 86109773
18600 85600912
18600 86146844
18700 87881046
18700 86789164
18700 87218200
18800 87586103
18800 87967751
18800 88893571
18900 89226171
18900 89368405
18900 88896634
19000 90134286
19000 90816651
19000 91390510
19100 91385363
19100 91349213
19100 91162068
19200 91596070
19200 92084701
19200 91972114
19300 93213191
19300 93182775
19300 93281357
19400 93885431
19400 94356645
19400 94119473
19500 95997430
19500 95961632
19500 95014076
19600 95584922
19600 95346247
19600 95521307
19700 96965083
19700 97056424
19700 97139148
19800 97637563
19800 98778329
19800 97924646
19900 99112009
19900 99435626
19900 98571065
20000 100370014
20000 99742971
20000 100283143
20100 101105408
20100 101310604
20100 100816653
20200 101930648
20200 101695725
20200 102735017
20300 103185196
20300 103476151
20300 101939617
20400 104037758
20400 103989420
20400 104993614
20500 105258789
20500 105453069
20500 105440187
20600 106617981
20600 105246642
20600 106493461
20700 106132540
20700 108137072
20700 107381287
20800 108646169
20800 108435130
20800 108773233
20900 109394296
20900 108984791
20900 110113769
21000 110355330
21000 110845154
21000 109431678
21100 112205312
21100 110848208
21100 111832342
21200 111523559
21200 111983732
21200 112281163
21300 113394374
21300 113733223
21300 113638066
21400 113838928
21400 114677852
21400 114149613
21500 115415792
21500 114991230
21500 115075728
21600 116732212
21600 116108810
21600 116729379
21700 117907431
21700 117151262
21700 117383546
21800 119168429
21800 119351088
21800 118641720
21900 120040262
21900 119875093
21900 119825873
22000 120624286
22000 120205597
22000 120842421
22100 122864955
22100 122219449
22100 122054621
22200 123077161
22200 123615406
22200 123156120
22300 124501053
22300 123725482
22300 124576311
22400 125728793
22400 125124812
22400 125050279
22500 126116413
22500 126676289
22500 127261498
22600 127150838
22600 127341428
22600 127922028
22700 128766618
22700 129718806
22700 128086021
22800 130142049
22800 130182047
22800 130422413
22900 132005188
22900 130728783
22900 130542431
23000 133005280
23000 132816221
23000 132904833
23100 132472302
23100 132640610
23100 132682977
23200 134987109
23200 135194209
23200 134892025
23300 135640793
23300 134626136
23300 135443181
23400 136690007
23400 137349898
23400 136785755
23500 137997014
23500 137231058
23500 138282582
23600 138739727
23600 139016997
23600 139068733
23700 140862392
23700 140145185
23700 139835379
23800 141363750
23800 140932036
23800 141109622
23900 142281648
23900 142808711
23900 142224620
24000 144900908
24000 144131995
24000 144384384
24100 145257277
24100 145092743
24100 144968937
24200 146562050
24200 145170288
24200 146411491
24300 146777564
24300 147115341
24300 147774324
24400 147006572
24400 149403410
24400 148912167
24500 149187513
24500 150534751
24500 149372032
24600 149947744
24600 150866554
24600 151067390
24700 151994943
24700 152377955
24700 152592993
24800 154022909
24800 154842429
24800 152411646
24900 154354148
24900 154814997
24900 154587833
25000 156966735
25000 156540673
25000 156099644
25100 157402412
25100 156723031
25100 156483105
25200 159180455
25200 159004578
25200 158070225
25300 160872939
25300 159865276
25300 159971373
25400 160556054
25400 160980880
25400 160950394
25500 162463330
25500 163850975
25500 162556568
25600 164857113
25600 163732557
25600 164254122
25700 164967769
25700 165622361
25700 165630670
25800 166289356
25800 165538207
25800 165315576
25900 167599162
25900 167265736
25900 168307421
26000 169238176
26000 168712315
26000 168323489
26100 169830725
26100 170182822
26100 172061736
26200 172322568
26200 172418109
26200 169922517
26300 172388325
26300 172924638
26300 173863902
26400 174545900
26400 173731660
26400 175065036
26500 176202118
26500 175012127
26500 175682662
26600 176117323
26600 178414057
26600 175403526
26700 178370073
26700 177984199
26700 178361462
26800 179931739
26800 179503493
26800 179286526
26900 180829132
26900 180906562
26900 181041076
27000 180403820
27000 182154357
27000 182661677
27100 183200806
27100 183102344
27100 183519336
27200 185335198
27200 185260170
27200 185378224
27300 185334135
27300 186223029
27300 186833869
27400 188400077
27400 188042361
27400 188389917
27500 188705833
27500 189370305
27500 189338000
27600 190427611
27600 189531255
27600 189309668
27700 191961479
27700 191750486
27700 191012349
27800 192979951
27800 192566294
27800 192672504
27900 194040468
27900 194333151
27900 194749485
28000 196051032
28000 195639533
28000 196744612
28100 197834948
28100 198009674
28100 196138006
28200 200288630
28200 197869976
28200 198505750
28300 200322358
28300 200285089
28300 199800630
28400 201277422
28400 201753094
28400 200575040
28500 202876080
28500 202393561
28500 204350557
28600 203932349
28600 204815307
28600 204004637
28700 205189907
28700 206085893
28700 206223238
28800 206607175
28800 206195659
28800 207724885
28900 207020852
28900 208643121
28900 207685365
29000 208717734
29000 210693276
29000 210432710
29100 210905392
29100 211985164
29100 212702716
29200 213571969
29200 212260366
29200 213074980
29300 215081748
29300 215597507
29300 213445246
29400 217144038
29400 216456672
29400 215429776
29500 218735572
29500 215412625
29500 217812861
29600 218817727
29600 219031687
29600 219746253
29700 219993580
29700 221396891
29700 220501992
29800 222391490
29800 222066811
29800 222944186
29900 222654840
29900 222789138
29900 222513324
30000 225540708
30000 224709879
30000 224554677
30100 226995249
30100 226194773
30100 228298828
30200 228311057
30200 226709313
30200 228156799
30300 228728309
30300 229435415
30300 230777164
30400 229598157
30400 231994537
30400 231328961
30500 232400548
30500 232688108
30500 232298596
30600 233862272
30600 232819309
30600 234723926
30700 234746427
30700 233899418
30700 236379994
30800 238932372
30800 236735299
30800 235617237
30900 238854468
