100 267
100 263
100 259
200 613
200 621
200 623
300 1012
300 1027
300 1005
400 1441
400 1459
400 1436
500 1897
500 1937
500 1937
600 2343
600 2345
600 2329
700 2792
700 2783
700 2794
800 3297
800 3285
800 3287
900 3815
900 3799
900 3807
1000 4291
1000 4322
1000 4291
1100 4834
1100 4757
1100 4800
1200 5240
1200 5202
1200 5271
1300 5768
1300 5725
1300 5812
1400 6263
1400 6310
1400 6315
1500 6841
1500 6840
1500 6845
1600 7314
1600 7290
1600 7383
1700 7898
1700 7888
1700 7911
1800 8456
1800 8468
1800 8508
1900 9001
1900 9063
1900 9009
2000 9634
2000 9686
2000 9610
2100 10214
2100 10115
2100 10207
2200 10643
2200 10667
2200 10635
2300 11282
2300 11187
2300 11163
2400 11745
2400 11670
2400 11728
2500 12369
2500 12277
2500 12236
2600 12835
2600 12862
2600 12768
2700 13445
2700 13460
2700 13441
2800 14010
2800 13997
2800 13954
2900 14531
2900 14539
2900 14573
3000 15173
3000 15165
3000 15243
3100 15822
3100 15845
3100 15785
3200 16285
3200 16283
3200 16313
3300 16873
3300 16864
3300 16950
3400 17438
3400 17493
3400 17532
3500 18120
3500 18063
3500 18099
3600 18738
3600 18742
3600 18837
3700 19243
3700 19325
3700 19307
3800 19976
3800 19956
3800 19950
3900 20601
3900 20608
3900 20601
4000 21287
4000 21231
4000 21284
4100 22072
4100 21941
4100 21997
4200 22309
4200 22514
4200 22495
4300 22920
4300 22893
4300 22982
4400 23531
4400 23503
4400 23570
4500 24108
4500 24140
4500 24095
4600 24771
4600 24710
4600 24674
4700 25193
4700 25244
4700 25206
4800 25828
4800 25785
4800 25780
4900 26443
4900 26504
4900 26479
5000 27196
5000 27146
5000 27056
5100 27717
5100 27829
5100 27762
5200 28354
5200 28337
5200 28319
5300 28907
5300 28878
5300 28852
5400 29437
5400 29448
5400 29469
5500 30071
5500 30020
5500 30160
5600 30716
5600 30853
5600 30809
5700 31366
5700 31458
5700 31464
5800 32010
5800 32070
5800 31916
5900 32704
5900 32665
5900 32704
6000 33394
6000 33374
6000 33378
6100 34047
6100 34116
6100 34061
6200 34743
6200 34705
6200 34696
6300 35218
6300 35195
6300 35267
6400 35870
6400 35800
6400 35920
6500 36406
6500 36377
6500 36482
6600 37141
6600 37061
6600 37192
6700 37774
6700 37757
6700 37640
6800 38303
6800 38392
6800 38280
6900 39005
6900 39046
6900 39062
7000 39693
7000 39682
7000 39608
7100 40406
7100 40419
7100 40388
7200 41075
7200 41015
7200 41087
7300 41685
7300 41726
7300 41691
7400 42435
7400 42270
7400 42226
7500 42951
7500 42973
7500 42991
7600 43741
7600 43847
7600 43693
7700 44401
7700 44424
7700 44495
7800 45047
7800 44993
7800 45050
7900 45651
7900 45665
7900 45844
8000 46423
8000 46576
8000 46426
8100 47289
8100 47255
8100 47354
8200 48063
8200 48082
8200 48085
8300 48476
8300 48569
8300 48582
8400 49001
8400 49097
8400 49157
8500 49529
8500 49604
8500 49551
8600 50177
8600 50136
8600 50165
8700 50907
8700 50890
8700 50884
8800 51348
8800 51516
8800 51294
8900 51885
8900 52048
8900 51960
9000 52651
9000 52603
9000 52561
9100 53291
9100 53326
9100 53352
9200 54096
9200 54218
9200 53961
9300 54583
9300 54713
9300 54618
9400 55230
9400 55093
9400 55203
9500 55743
9500 55816
9500 55905
9600 56451
9600 56463
9600 56415
9700 57174
9700 57171
9700 57038
9800 57805
9800 57659
9800 57853
9900 58490
9900 58508
9900 58422
10000 59108
10000 59187
10000 59119
10100 59796
10100 59730
10100 59817
10200 60638
10200 60649
10200 60615
10300 61262
10300 61287
10300 61208
10400 61813
10400 61851
10400 61803
10500 62549
10500 62482
10500 62468
10600 63066
10600 63037
10600 62955
10700 63689
10700 63649
10700 63610
10800 64278
10800 64488
10800 64227
10900 64885
10900 64958
10900 65005
11000 65760
11000 65747
11000 65666
11100 66385
11100 66465
11100 66489
11200 67024
11200 67128
11200 67135
11300 67891
11300 67805
11300 67992
11400 68556
11400 68444
11400 68573
11500 69069
11500 69151
11500 69166
11600 69806
11600 69724
11600 69794
11700 70752
11700 70496
11700 70634
11800 71354
11800 71403
11800 71185
11900 72031
11900 72014
11900 72101
12000 72697
12000 72784
12000 72641
12100 73349
12100 73557
12100 73473
12200 74400
12200 74431
12200 74280
12300 75220
12300 75092
12300 75201
12400 75691
12400 75756
12400 75723
12500 76214
12500 76189
12500 76290
12600 76949
12600 76718
12600 76772
12700 77495
12700 77426
12700 77468
12800 78193
12800 78219
12800 78271
12900 78772
12900 78593
12900 78839
13000 79377
13000 79488
13000 79349
13100 80116
13100 80073
13100 80215
13200 80932
13200 80871
13200 80812
13300 81483
13300 81448
13300 81632
13400 82127
13400 82269
13400 82193
13500 83007
13500 82818
13500 82714
13600 83613
13600 83551
13600 83570
13700 84283
13700 84103
13700 84223
13800 84900
13800 84946
13800 84897
13900 85737
13900 85649
13900 85536
14000 86439
14000 86334
14000 86199
14100 86977
14100 87081
14100 87019
14200 87842
14200 88089
14200 87928
14300 88874
14300 88683
14300 88674
14400 89279
14400 89345
14400 89276
14500 89955
14500 90024
14500 90012
14600 90710
14600 90646
14600 90628
14700 91265
14700 91251
14700 91310
14800 91936
14800 92079
14800 91967
14900 92642
14900 92714
14900 92806
15000 93343
15000 93397
15000 93460
15100 94331
15100 94264
15100 94105
15200 94878
15200 95002
15200 94770
15300 95757
15300 95768
15300 95664
15400 96491
15400 96544
15400 96638
15500 97270
15500 97164
15500 97174
15600 97914
15600 97914
15600 97880
15700 98473
15700 98793
15700 98503
15800 99629
15800 99471
15800 99330
15900 100243
15900 100257
15900 100233
16000 100984
16000 101064
16000 100932
16100 101990
16100 101823
16100 101982
16200 102655
16200 102735
16200 102449
16300 103524
16300 103490
16300 103361
16400 104214
16400 104308
16400 104262
16500 104811
16500 104834
16500 104837
16600 105327
16600 105354
16600 105295
16700 105915
16700 105853
16700 105822
16800 106563
16800 106641
16800 106616
16900 107235
16900 107179
16900 107340
17000 107709
17000 107897
17000 107648
17100 108258
17100 108296
17100 108299
17200 108977
17200 109165
17200 108971
17300 109713
17300 109643
17300 109871
17400 110456
17400 110512
17400 110469
17500 110850
17500 110894
17500 111012
17600 111726
17600 111658
17600 111587
17700 112281
17700 112209
17700 112241
17800 113104
17800 112969
17800 112855
17900 113687
17900 113413
17900 113588
18000 114293
18000 114246
18000 114183
18100 114875
18100 114977
18100 115102
18200 115690
18200 115635
18200 115732
18300 116350
18300 116578
18300 116444
18400 117114
18400 117479
18400 117204
18500 117864
18500 117793
18500 117785
18600 118645
18600 118553
18600 118490
18700 119043
18700 119202
18700 119011
18800 119846
18800 119682
18800 119575
18900 120543
18900 120396
18900 120242
19000 121047
19000 121105
19000 121166
19100 121812
19100 121571
19100 121645
19200 122502
19200 122525
19200 122619
19300 123153
19300 123380
19300 123287
19400 123929
19400 123990
19400 123934
19500 124787
19500 124842
19500 124675
19600 125330
19600 125369
19600 125378
19700 125949
19700 126094
19700 126132
19800 126690
19800 126753
19800 126905
19900 127371
19900 127596
19900 127825
20000 128135
20000 128159
20000 128555
20100 128851
20100 129129
20100 129156
20200 129717
20200 129795
20200 129712
20300 130643
20300 130751
20300 130705
20400 131561
20400 131477
20400 131552
20500 132346
20500 132251
20500 132312
20600 132759
20600 132942
20600 132876
20700 133432
20700 133455
20700 133441
20800 134036
20800 134209
20800 134147
20900 134571
20900 134696
20900 134681
21000 135388
21000 135483
21000 135251
21100 135931
21100 135949
21100 135956
21200 136705
21200 136731
21200 136666
21300 137409
21300 137482
21300 137352
21400 137984
21400 137994
21400 137941
21500 138883
21500 138871
21500 138867
21600 139743
21600 139500
21600 139376
21700 139982
21700 140337
21700 140154
21800 140951
21800 140918
21800 140798
21900 141514
21900 141608
21900 141692
22000 142312
22000 142404
22000 142439
22100 143330
22100 143052
22100 143047
22200 143898
22200 143897
22200 144029
22300 144682
22300 144458
22300 144809
22400 145401
22400 145563
22400 145507
22500 146398
22500 146392
22500 146339
22600 146959
22600 147042
22600 147052
22700 147577
22700 147812
22700 147710
22800 148381
22800 148304
22800 148137
22900 149043
22900 149062
22900 148989
23000 149793
23000 149890
23000 149759
23100 150474
23100 150359
23100 150630
23200 151369
23200 151148
23200 151100
23300 152041
23300 151909
23300 152216
23400 152968
23400 152807
23400 152877
23500 153631
23500 153601
23500 153502
23600 154602
23600 154610
23600 154419
23700 154964
23700 155034
23700 155138
23800 155922
23800 155875
23800 156098
23900 156639
23900 156781
23900 156763
24000 157392
24000 157240
24000 157600
24100 158420
24100 158434
24100 158301
24200 159063
24200 158978
24200 158928
24300 159996
24300 159986
24300 160104
24400 160828
24400 160979
24400 160828
24500 161598
24500 161675
24500 161836
24600 162487
24600 162503
24600 162515
24700 163177
24700 163265
24700 163201
24800 163613
24800 163888
24800 163666
24900 164192
24900 164212
24900 164588
25000 165080
25000 164987
25000 164883
25100 165660
25100 165602
25100 165774
25200 166332
25200 166163
25200 166520
25300 166963
25300 167045
25300 167061
25400 167637
25400 167831
25400 167673
25500 168416
25500 168403
25500 168284
25600 169053
25600 168948
25600 169108
25700 169715
25700 169750
25700 169576
25800 170474
25800 170439
25800 170342
25900 171198
25900 171123
25900 171082
26000 171906
26000 171877
26000 171798
26100 172853
26100 172758
26100 172611
26200 173379
26200 173379
26200 173205
26300 173912
26300 174047
26300 174015
26400 175142
26400 174951
26400 174788
26500 175473
26500 175546
26500 175377
26600 176498
26600 176524
26600 176431
26700 177037
26700 177259
26700 177076
26800 177634
26800 177937
26800 177851
26900 178273
26900 178420
26900 178388
27000 179480
27000 179090
27000 179312
27100 179759
27100 179723
27100 179884
27200 180751
27200 180324
27200 180597
27300 181451
27300 181279
27300 181446
27400 181969
27400 182023
27400 182101
27500 182810
27500 182813
27500 182981
27600 183556
27600 183741
27600 183754
27700 184310
27700 184320
27700 184446
27800 184991
27800 185211
27800 185184
27900 185879
27900 185976
27900 186087
28000 186885
28000 186668
28000 186681
28100 187472
28100 187326
28100 187499
28200 188259
28200 188062
28200 188414
28300 188867
28300 189195
28300 189023
28400 190116
28400 189939
28400 190219
28500 190790
28500 190577
28500 190756
28600 191596
28600 191708
28600 191746
28700 192587
28700 192453
28700 192681
28800 193139
28800 193101
28800 193311
28900 193675
28900 194066
28900 193734
29000 194443
29000 194404
29000 194497
29100 195338
29100 194945
29100 195264
29200 196012
29200 195886
29200 196022
29300 196679
29300 196681
29300 196663
29400 197522
29400 197476
29400 197282
29500 198032
29500 198047
29500 198060
29600 198752
29600 198817
29600 198875
29700 199822
29700 199556
29700 199762
29800 200421
29800 200372
29800 200488
29900 201310
29900 201370
29900 201236
30000 201774
30000 201854
30000 201848
30100 202638
30100 202529
30100 202699
30200 203748
30200 203641
30200 203793
30300 204410
30300 204163
30300 204232
30400 205143
30400 205224
30400 205146
30500 205884
30500 206114
30500 206122
30600 207106
30600 206740
30600 206887
30700 207773
30700 207714
30700 207831
30800 208226
30800 208406
30800 208421
30900 209237
