100 2606
100 2681
100 2473
200 9614
200 10141
200 10859
300 22055
300 22910
300 21699
400 40711
400 42244
400 41454
500 63805
500 62880
500 61579
600 89911
600 93382
600 88462
700 119154
700 125440
700 119292
800 168764
800 158176
800 156536
900 213877
900 201279
900 203819
1000 249034
1000 251391
1000 260945
1100 299256
1100 296650
1100 298472
1200 354739
1200 351138
1200 362890
1300 417642
1300 432158
1300 427996
1400 484079
1400 480307
1400 499809
1500 575828
1500 559379
1500 560749
1600 646802
1600 647756
1600 641333
1700 733451
1700 726727
1700 714209
1800 789515
1800 819519
1800 800689
1900 894630
1900 884574
1900 895415
2000 1007502
2000 993461
2000 995304
2100 1129643
2100 1127919
2100 1076039
2200 1208141
2200 1227217
2200 1198629
2300 1319559
2300 1328295
2300 1336112
2400 1398558
2400 1404422
2400 1421276
2500 1596101
2500 1547103
2500 1605362
2600 1659816
2600 1711349
2600 1684450
2700 1804821
2700 1856625
2700 1852523
2800 2011189
2800 1969135
2800 1962984
2900 2124727
2900 2096815
2900 2080709
3000 2191072
3000 2257083
3000 2292895
3100 2393128
3100 2394527
3100 2405893
3200 2548293
3200 2513281
3200 2563846
3300 2722445
3300 2723391
3300 2734602
3400 2903773
3400 2912209
3400 2918241
3500 3104021
3500 3027509
3500 3020974
3600 3292927
3600 3222276
3600 3224068
3700 3343270
3700 3349031
3700 3434852
3800 3634373
3800 3607861
3800 3637314
3900 3788497
3900 3790976
3900 3794370
4000 4034845
4000 4064725
4000 3976311
4100 4187732
4100 4266843
4100 4142973
4200 4400404
4200 4413137
4200 4327857
4300 4611690
4300 4637835
4300 4622446
4400 4812399
4400 4827611
4400 4844021
4500 5120781
4500 5119911
4500 5086634
4600 5275054
4600 5267112
4600 5328576
4700 5493448
4700 5440458
4700 5504315
4800 5695818
4800 5726973
4800 5761295
4900 6024039
4900 5994874
4900 5996605
5000 6280226
5000 6193677
5000 6351528
5100 6597618
5100 6484878
5100 6507457
5200 6694558
5200 6824758
5200 6726472
5300 7136721
5300 6974119
5300 6997287
5400 7229984
5400 7302890
5400 7298387
5500 7569283
5500 7658846
5500 7533467
5600 7694777
5600 7840140
5600 7824243
5700 8232014
5700 8007545
5700 8109603
5800 8440544
5800 8360731
5800 8428936
5900 8597086
5900 8748915
5900 8623894
6000 8948462
6000 8959917
6000 9016300
6100 9284107
6100 9242817
6100 9387005
6200 9541681
6200 9701757
6200 9638195
6300 10011590
6300 9798484
6300 9865647
6400 10245707
6400 10117238
6400 10257839
6500 10578212
6500 10466573
6500 10622414
6600 10847298
6600 10919132
6600 10923662
6700 11141559
6700 11195391
6700 11193054
6800 11369737
6800 11609644
6800 11459415
6900 12000325
6900 12007137
6900 11804484
7000 12285535
7000 12212192
7000 12058055
7100 12430823
7100 12479982
7100 12579425
7200 13024561
7200 13016721
7200 13012577
7300 13298077
7300 13310906
7300 13364449
7400 13630024
7400 13667144
7400 13690436
7500 14090006
7500 14021163
7500 14059467
7600 14292347
7600 14263486
7600 14339133
7700 14860120
7700 14955352
7700 14806372
7800 15278071
7800 15117427
7800 15134957
7900 15514839
7900 15554433
7900 15531776
8000 15963026
8000 15999904
8000 16132052
8100 16387644
8100 16561745
8100 16434498
8200 16808686
8200 16638880
8200 16857482
8300 17374345
8300 17058102
8300 16939419
8400 17797975
8400 17669808
8400 17725313
8500 18211017
8500 17992288
8500 18170622
8600 18703282
8600 18482435
8600 18355380
8700 18940408
8700 19072049
8700 18807367
8800 19399257
8800 19118441
8800 19572369
8900 19998157
8900 19837924
8900 19676873
9000 20313521
9000 19929114
9000 20327320
9100 20653847
9100 20273479
9100 20707938
9200 21177259
9200 21378553
9200 20943209
9300 21420226
9300 21568731
9300 21544943
9400 21934792
9400 21926728
9400 22167408
9500 22295072
9500 22353958
9500 22547394
9600 22899080
9600 23508910
9600 22999232
9700 23315616
9700 23701707
9700 23357211
9800 24066942
9800 23806551
9800 23680822
9900 24736909
9900 24613118
9900 24464063
10000 24728168
10000 24830069
10000 25003711
10100 25773321
10100 25302597
10100 25367675
10200 26057340
10200 25969226
10200 25799345
10300 26519264
10300 26195162
10300 26484388
10400 26931832
10400 27004095
10400 27315013
10500 27704331
10500 27409288
10500 27351807
10600 28349362
10600 27933505
10600 27902468
10700 28566046
10700 28698747
10700 28564138
10800 28972435
10800 29448476
10800 29194596
10900 29621968
10900 29815976
10900 29703225
11000 29952941
11000 30184200
11000 30499859
11100 30612049
11100 30956093
11100 30734230
11200 31541578
11200 31480983
11200 31204022
11300 31731424
11300 31808677
11300 32076704
11400 32432453
11400 32611392
11400 32851949
11500 33353315
11500 33089538
11500 32872307
11600 33196931
11600 33583990
11600 33589352
11700 34527203
11700 34757937
11700 33984120
11800 35162723
11800 34621033
11800 35340322
11900 35593186
11900 35031389
11900 34980172
12000 35822519
12000 36222639
12000 35996185
12100 36617869
12100 36990665
12100 36386530
12200 37160049
12200 37510538
12200 37182879
12300 37835549
12300 37853268
12300 37753831
12400 38940561
12400 38581508
12400 38365269
12500 39182474
12500 38895061
12500 39082429
12600 39635261
12600 40153675
12600 39616941
12700 40268803
12700 40719230
12700 40752875
12800 40975772
12800 41089086
12800 41102329
12900 41418169
12900 41207312
12900 41623109
13000 42027040
13000 42336409
13000 42106292
13100 43070511
13100 43130012
13100 42562181
13200 43701462
13200 43518584
13200 43516824
13300 44461265
13300 44735440
13300 44491477
13400 44661317
13400 45202609
13400 44567444
13500 45664452
13500 45921025
13500 45519195
13600 45568635
13600 46345774
13600 46432638
13700 47044367
13700 46896333
13700 47299261
13800 47205825
13800 47867112
13800 47334250
13900 48487945
13900 48355772
13900 48327520
14000 48740429
14000 49422924
14000 49183714
14100 49376178
14100 49616055
14100 49871712
14200 50647583
14200 50423959
14200 50686443
14300 50960414
14300 51265795
14300 50874487
14400 52130305
14400 51292272
14400 51952513
14500 53055088
14500 52569055
14500 52890919
14600 52943005
14600 53686998
14600 53912945
14700 54069899
14700 53585428
14700 53838224
14800 54716762
14800 54503439
14800 54569669
14900 55429296
14900 56055247
14900 55663454
15000 55979449
15000 55664851
15000 56389547
15100 56694971
15100 56902275
15100 57032760
15200 57746424
15200 57270806
15200 58116589
15300 58785383
15300 58707349
15300 57592699
15400 59093665
15400 59234564
15400 59485943
15500 60278146
15500 59967330
15500 60018318
15600 60963656
15600 60086822
15600 60652338
15700 61822188
15700 61591132
15700 61797370
15800 61949146
15800 62724247
15800 61977930
15900 63211270
15900 62936580
15900 62950918
16000 63788149
16000 63396590
16000 63797349
16100 64482320
16100 64714874
16100 64913586
16200 65917133
16200 65949935
16200 65850459
16300 66321053
16300 66598333
16300 66402811
16400 67081525
16400 67402221
16400 67310443
16500 68168063
16500 68209202
16500 67839948
16600 69519414
16600 69093582
16600 68944014
16700 70032204
16700 69470884
16700 69844865
16800 70532921
16800 70229042
16800 70392106
16900 70534437
16900 71132590
16900 71469678
17000 72495313
17000 73029666
17000 71879396
17100 73651590
17100 72924954
17100 71837590
17200 73694670
17200 73114296
17200 73641648
17300 75501526
17300 74923882
17300 75157157
17400 75600539
17400 76011587
17400 75289537
17500 77140985
17500 75766270
17500 76744259
17600 77350730
17600 77537468
17600 77113228
17700 78094353
17700 78604382
17700 78408621
17800 79475899
17800 78999543
17800 78812112
17900 79841271
17900 80269594
17900 80135398
18000 80480564
18000 81181724
18000 80861722
18100 81822302
18100 81464435
18100 81043482
18200 83367581
18200 82402260
18200 82606125
18300 84699986
18300 83587376
18300 83115173
18400 84978976
18400 85027495
18400 85401939
18500 85011611
18500 85465497
18500 84943890
18600 86128371
18600 85619510
18600 86165442
18700 87899744
18700 86807862
18700 87236898
18800 87604901
18800 87986549
18800 88912369
18900 89245069
18900 89387303
18900 88915532
19000 90153284
19000 90835649
19000 91409508
19100 91404461
19100 91368311
19100 91181166
19200 91615268
19200 92103899
19200 91991312
19300 93232489
19300 93202073
19300 93300655
19400 93904829
19400 94376043
19400 94138871
19500 96016928
19500 95981130
19500 95033574
19600 95604520
19600 95365845
19600 95540905
19700 96984781
19700 97076122
19700 97158846
19800 97657361
19800 98798127
19800 97944444
19900 99131907
19900 99455524
19900 98590963
20000 100390012
20000 99762969
20000 100303141
20100 101125506
20100 101330702
20100 100836751
20200 101950846
20200 101715923
20200 102755215
20300 103205494
20300 103496449
20300 101959915
20400 104058156
20400 104009818
20400 105014012
20500 105279287
20500 105473567
20500 105460685
20600 106638579
20600 105267240
20600 106514059
20700 106153238
20700 108157770
20700 107401985
20800 108666967
20800 108455928
20800 108794031
20900 109415194
20900 109005689
20900 110134667
21000 110376328
21000 110866152
21000 109452676
21100 112226410
21100 110869306
21100 111853440
21200 111544757
21200 112004930
21200 112302361
21300 113415672
21300 113754521
21300 113659364
21400 113860326
21400 114699250
21400 114171011
21500 115437290
21500 115012728
21500 115097226
21600 116753810
21600 116130408
21600 116750977
21700 117929129
21700 117172960
21700 117405244
21800 119190227
21800 119372886
21800 118663518
21900 120062160
21900 119896991
21900 119847771
22000 120646284
22000 120227595
22000 120864419
22100 122887053
22100 122241547
22100 122076719
22200 123099359
22200 123637604
22200 123178318
22300 124523351
22300 123747780
22300 124598609
22400 125751191
22400 125147210
22400 125072677
22500 126138911
22500 126698787
22500 127283996
22600 127173436
22600 127364026
22600 127944626
22700 128789316
22700 129741504
22700 128108719
22800 130164847
22800 130204845
22800 130445211
22900 132028086
22900 130751681
22900 130565329
23000 133028278
23000 132839219
23000 132927831
23100 132495400
23100 132663708
23100 132706075
23200 135010307
23200 135217407
23200 134915223
23300 135664091
23300 134649434
23300 135466479
23400 136713405
23400 137373296
23400 136809153
23500 138020512
23500 137254556
23500 138306080
23600 138763325
23600 139040595
23600 139092331
23700 140886090
23700 140168883
23700 139859077
23800 141387548
23800 140955834
23800 141133420
23900 142305546
23900 142832609
23900 142248518
24000 144924906
24000 144155993
24000 144408382
24100 145281375
24100 145116841
24100 144993035
24200 146586248
24200 145194486
24200 146435689
24300 146801862
24300 147139639
24300 147798622
24400 147030970
24400 149427808
24400 148936565
24500 149212011
24500 150559249
24500 149396530
24600 149972342
24600 150891152
24600 151091988
24700 152019641
24700 152402653
24700 152617691
24800 154047707
24800 154867227
24800 152436444
24900 154379046
24900 154839895
24900 154612731
25000 156991733
25000 156565671
25000 156124642
25100 157427510
25100 156748129
25100 156508203
25200 159205653
25200 159029776
25200 158095423
25300 160898237
25300 159890574
25300 159996671
25400 160581452
25400 161006278
25400 160975792
25500 162488828
25500 163876473
25500 162582066
25600 164882711
25600 163758155
25600 164279720
25700 164993467
25700 165648059
25700 165656368
25800 166315154
25800 165564005
25800 165341374
25900 167625060
25900 167291634
25900 168333319
26000 169264174
26000 168738313
26000 168349487
26100 169856823
26100 170208920
26100 172087834
26200 172348766
26200 172444307
26200 169948715
26300 172414623
26300 172950936
26300 173890200
26400 174572298
26400 173758058
26400 175091434
26500 176228616
26500 175038625
26500 175709160
26600 176143921
26600 178440655
26600 175430124
26700 178396771
26700 178010897
26700 178388160
26800 179958537
26800 179530291
26800 179313324
26900 180856030
26900 180933460
26900 181067974
27000 180430818
27000 182181355
27000 182688675
27100 183227904
27100 183129442
27100 183546434
27200 185362396
27200 185287368
27200 185405422
27300 185361433
27300 186250327
27300 186861167
27400 188427475
27400 188069759
27400 188417315
27500 188733331
27500 189397803
27500 189365498
27600 190455209
27600 189558853
27600 189337266
27700 191989177
27700 191778184
27700 191040047
27800 193007749
27800 192594092
27800 192700302
27900 194068366
27900 194361049
27900 194777383
28000 196079030
28000 195667531
28000 196772610
28100 197863046
28100 198037772
28100 196166104
28200 200316828
28200 197898174
28200 198533948
28300 200350656
28300 200313387
28300 199828928
28400 201305820
28400 201781492
28400 200603438
28500 202904578
28500 202422059
28500 204379055
28600 203960947
28600 204843905
28600 204033235
28700 205218605
28700 206114591
28700 206251936
28800 206635973
28800 206224457
28800 207753683
28900 207049750
28900 208672019
28900 207714263
29000 208746732
29000 210722274
29000 210461708
29100 210934490
29100 212014262
29100 212731814
29200 213601167
29200 212289564
29200 213104178
29300 215111046
29300 215626805
29300 213474544
29400 217173436
29400 216486070
29400 215459174
29500 218765070
29500 215442123
29500 217842359
29600 218847325
29600 219061285
29600 219775851
29700 220023278
29700 221426589
29700 220531690
29800 222421288
29800 222096609
29800 222973984
29900 222684738
29900 222819036
29900 222543222
30000 225570706
30000 224739877
30000 224584675
30100 227025347
30100 226224871
30100 228328926
30200 228341255
30200 226739511
30200 228186997
30300 228758607
30300 229465713
30300 230807462
30400 229628555
30400 232024935
30400 231359359
30500 232431046
30500 232718606
30500 232329094
30600 233892870
30600 232849907
30600 234754524
30700 234777125
30700 233930116
30700 236410692
30800 238963170
30800 236766097
30800 235648035
30900 238885366
