100 411
100 587
100 457
200 904
200 852
200 1224
300 1401
300 1617
300 1777
400 2694
400 2154
400 2478
500 2603
500 3096
500 2531
600 4235
600 3960
600 3435
700 4069
700 4341
700 4712
800 5365
800 5187
800 5132
900 6332
900 5866
900 5863
1000 6256
1000 6722
1000 6916
1100 8838
1100 6547
1100 7907
1200 8703
1200 9614
1200 8039
1300 8866
1300 9311
1300 10233
1400 9132
1400 9749
1400 10557
1500 10355
1500 12187
1500 9703
1600 10724
1600 11089
1600 11379
1700 13250
1700 12040
1700 10571
1800 12200
1800 11220
1800 14153
1900 13440
1900 15879
1900 15284
2000 15713
2000 13477
2000 14993
2100 14952
2100 14702
2100 16800
2200 17854
2200 16167
2200 15056
2300 20217
2300 15494
2300 18587
2400 18864
2400 17301
2400 20667
2500 18689
2500 18156
2500 21356
2600 20106
2600 20178
2600 19560
2700 21351
2700 19906
2700 22952
2800 21864
2800 22506
2800 19252
2900 23320
2900 21988
2900 23005
3000 23576
3000 22893
3000 22159
3100 25387
3100 21819
3100 23439
3200 26174
3200 24126
3200 27059
3300 26800
3300 26721
3300 27049
3400 29105
3400 24699
3400 28311
3500 31040
3500 29229
3500 26991
3600 30837
3600 29076
3600 29395
3700 29175
3700 35193
3700 27335
3800 29949
3800 29742
3800 33855
3900 32270
3900 27509
3900 30508
4000 34338
4000 31644
4000 33232
4100 31564
4100 33134
4100 36901
4200 38682
4200 37675
4200 31458
4300 38822
4300 34915
4300 34735
4400 38379
4400 34519
4400 38881
4500 35959
4500 33914
4500 33085
4600 34366
4600 36251
4600 45527
4700 38718
4700 38545
4700 38830
4800 37533
4800 42717
4800 43591
4900 41789
4900 42857
4900 41293
5000 38523
5000 38674
5000 39384
5100 42313
5100 41148
5100 42462
5200 42365
5200 42567
5200 40896
5300 45101
5300 43334
5300 43224
5400 45766
5400 46305
5400 40981
5500 47142
5500 47869
5500 39888
5600 45730
5600 51939
5600 51053
5700 46397
5700 47427
5700 49909
5800 49994
5800 49043
5800 42552
5900 58212
5900 44633
5900 54225
6000 52440
6000 45818
6000 52524
6100 49266
6100 47381
6100 52686
6200 54549
6200 53436
6200 50418
6300 52355
6300 55020
6300 48505
6400 50663
6400 55810
6400 53424
6500 63065
6500 53991
6500 54867
6600 54703
6600 62573
6600 57225
6700 59437
6700 50719
6700 72805
6800 62252
6800 66144
6800 53851
6900 62594
6900 57039
6900 69962
7000 55128
7000 55199
7000 60805
7100 63641
7100 59706
7100 63645
7200 66498
7200 57632
7200 65784
7300 59942
7300 61139
7300 60602
7400 63793
7400 67594
7400 61500
7500 62551
7500 63739
7500 66148
7600 67902
7600 66976
7600 61124
7700 60329
7700 70637
7700 78495
7800 67300
7800 68193
7800 63972
7900 67143
7900 69271
7900 66572
8000 71199
8000 62986
8000 68118
8100 69310
8100 70841
8100 69506
8200 75365
8200 67069
8200 63134
8300 82935
8300 74910
8300 72533
8400 75735
8400 76473
8400 78193
8500 73998
8500 81662
8500 78955
8600 84764
8600 74843
8600 73676
8700 87332
8700 76737
8700 77541
8800 83182
8800 73504
8800 74708
8900 72316
8900 86170
8900 77133
9000 90678
9000 69821
9000 77480
9100 73477
9100 74691
9100 81069
9200 86089
9200 78909
9200 78723
9300 82662
9300 82857
9300 84614
9400 80812
9400 91472
9400 97461
9500 91193
9500 91552
9500 87504
9600 92234
9600 91819
9600 81992
9700 86801
9700 85228
9700 84206
9800 86432
9800 79260
9800 98642
9900 91369
9900 91806
9900 96715
10000 90192
10000 114464
10000 91133
10100 100160
10100 101859
10100 97459
10200 92703
10200 89165
10200 92638
10300 86494
10300 78936
10300 86835
10400 94315
10400 99892
10400 87715
10500 94129
10500 102720
10500 98252
10600 93516
10600 98054
10600 88586
10700 96549
10700 103869
10700 106924
10800 87330
10800 107088
10800 109502
10900 91743
10900 94652
10900 104137
11000 101436
11000 105733
11000 94589
11100 92985
11100 102877
11100 93056
11200 110977
11200 110428
11200 103587
11300 105684
11300 100330
11300 105051
11400 111134
11400 100793
11400 98618
11500 96214
11500 109281
11500 102591
11600 101699
11600 108583
11600 101605
11700 105068
11700 105091
11700 112010
11800 109435
11800 107024
11800 119767
11900 103971
11900 112679
11900 121841
12000 106907
12000 101778
12000 108392
12100 105807
12100 108791
12100 109320
12200 119731
12200 111794
12200 108831
12300 114033
12300 108774
12300 113881
12400 105958
12400 104931
12400 124459
12500 115782
12500 116528
12500 111367
12600 113956
12600 109414
12600 121963
12700 115212
12700 114687
12700 117390
12800 115842
12800 108186
12800 122757
12900 114453
12900 116456
12900 116212
13000 114444
13000 126286
13000 122247
13100 132457
13100 122174
13100 123385
13200 126766
13200 117620
13200 119310
13300 128923
13300 117040
13300 113888
13400 128541
13400 121949
13400 113875
13500 130888
13500 124020
13500 135972
13600 124932
13600 125604
13600 132311
13700 134270
13700 124955
13700 118217
13800 127164
13800 140139
13800 120803
13900 126818
13900 129867
13900 141683
14000 127922
14000 128526
14000 121103
14100 134613
14100 131227
14100 116645
14200 147980
14200 135454
14200 112535
14300 145230
14300 143254
14300 134608
14400 137251
14400 132337
14400 123126
14500 147808
14500 134906
14500 132001
14600 137900
14600 133414
14600 125735
14700 143188
14700 146168
14700 132045
14800 144622
14800 139619
14800 132360
14900 144904
14900 140232
14900 146275
15000 158568
15000 151099
15000 134273
15100 156011
15100 134470
15100 160421
15200 147730
15200 147099
15200 148122
15300 150814
15300 137172
15300 136044
15400 151052
15400 142377
15400 131568
15500 140167
15500 145796
15500 156590
15600 154906
15600 156608
15600 156469
15700 131054
15700 134253
15700 173367
15800 153589
15800 139992
15800 149073
15900 149457
15900 150214
15900 132855
16000 155839
16000 155761
16000 146581
16100 142952
16100 145671
16100 158771
16200 146728
16200 165872
16200 153066
16300 160484
16300 136000
16300 152299
16400 152325
16400 156656
16400 163120
16500 154665
16500 168909
16500 154024
16600 151122
16600 147007
16600 166771
16700 157118
16700 140349
16700 166417
16800 145975
16800 167951
16800 162897
16900 158936
16900 159881
16900 151045
17000 167897
17000 161484
17000 159415
17100 150317
17100 156768
17100 151825
17200 158010
17200 163319
17200 149013
17300 157899
17300 159653
17300 161183
17400 170834
17400 164339
17400 167547
17500 169716
17500 163271
17500 167670
17600 171524
17600 157974
17600 161435
17700 166931
17700 173699
17700 172005
17800 164396
17800 158562
17800 177053
17900 174437
17900 173549
17900 172855
18000 185781
18000 189325
18000 185923
18100 170106
18100 170927
18100 180506
18200 178444
18200 177983
18200 194711
18300 177695
18300 170751
18300 179114
18400 180372
18400 171139
18400 179597
18500 192947
18500 165246
18500 185710
18600 199809
18600 176087
18600 187803
18700 196007
18700 186688
18700 165853
18800 171736
18800 160008
18800 184636
18900 211052
18900 172094
18900 175838
19000 172339
19000 171612
19000 207338
19100 194243
19100 174627
19100 177616
19200 174836
19200 187196
19200 190561
19300 202992
19300 190292
19300 181526
19400 188174
19400 184897
19400 182686
19500 181764
19500 190539
19500 175884
19600 185335
19600 179916
19600 195214
19700 179845
19700 187157
19700 184683
19800 185967
19800 182008
19800 191027
19900 193991
19900 203081
19900 200297
20000 188673
20000 204654
20000 179067
20100 205315
20100 195974
20100 207038
20200 200821
20200 183822
20200 237869
20300 185613
20300 190423
20300 189950
20400 202144
20400 218044
20400 214918
20500 203772
20500 203431
20500 197700
20600 196250
20600 178866
20600 185129
20700 216310
20700 217184
20700 194784
20800 192389
20800 216996
20800 197767
20900 209959
20900 195670
20900 185453
21000 208282
21000 210075
21000 201885
21100 227119
21100 203091
21100 221064
21200 218364
21200 189703
21200 205414
21300 232007
21300 232442
21300 205151
21400 207339
21400 194077
21400 217351
21500 219067
21500 196780
21500 217765
21600 226001
21600 188755
21600 215186
21700 235708
21700 188183
21700 204324
21800 197941
21800 221957
21800 186693
21900 207132
21900 225990
21900 211189
22000 209311
22000 202912
22000 210222
22100 207159
22100 235767
22100 198767
22200 197573
22200 194226
22200 243845
22300 202488
22300 196760
22300 199244
22400 230003
22400 208806
22400 225314
22500 220592
22500 211635
22500 224017
22600 209195
22600 209082
22600 218972
22700 240925
22700 209197
22700 219568
22800 250842
22800 217075
22800 198470
22900 229236
22900 212863
22900 223113
23000 250287
23000 225341
23000 227969
23100 253803
23100 235835
23100 225282
23200 235304
23200 218084
23200 215083
23300 240239
23300 229707
23300 244483
23400 234944
23400 235625
23400 222471
23500 227657
23500 225656
23500 240676
23600 237607
23600 215389
23600 242293
23700 240382
23700 233384
23700 234124
23800 244383
23800 227732
23800 237722
23900 271473
23900 239182
23900 228870
24000 277381
24000 250440
24000 246053
24100 231267
24100 217735
24100 253640
24200 236358
24200 219211
24200 231674
24300 247277
24300 241032
24300 220106
24400 224721
24400 223462
24400 241891
24500 236807
24500 246980
24500 253467
24600 256518
24600 234600
24600 273967
24700 246749
24700 243283
24700 233865
24800 224125
24800 224882
24800 260618
24900 257272
24900 239351
24900 255246
25000 260464
25000 247900
25000 220666
25100 262235
25100 228441
25100 247394
25200 259306
25200 229774
25200 253182
25300 248907
25300 240656
25300 248055
25400 281979
25400 258437
25400 274694
25500 243453
25500 235201
25500 255367
25600 237950
25600 269091
25600 279014
25700 258524
25700 253060
25700 251544
25800 265118
25800 276882
25800 264548
25900 246186
25900 260199
25900 266459
26000 239045
26000 259723
26000 270396
26100 264964
26100 239303
26100 277042
26200 249786
26200 256001
26200 248272
26300 259690
26300 279364
26300 247493
26400 271848
26400 260448
26400 256029
26500 304059
26500 250041
26500 258244
26600 274115
26600 262410
26600 275497
26700 269724
26700 265715
26700 243675
26800 310580
26800 236537
26800 266547
26900 243998
26900 268149
26900 282900
27000 267963
27000 271894
27000 273971
27100 242094
27100 276271
27100 304781
27200 270454
27200 258812
27200 254528
27300 274433
27300 257501
27300 270953
27400 256204
27400 285350
27400 278279
27500 255270
27500 251225
27500 303645
27600 306869
27600 341692
27600 278127
27700 259344
27700 283867
27700 298682
27800 268625
27800 278584
27800 244281
27900 276150
27900 296085
27900 251979
28000 301000
28000 280907
28000 298788
28100 292225
28100 292723
28100 278716
28200 275097
28200 313384
28200 263440
28300 280342
28300 294721
28300 281468
28400 270864
28400 296725
28400 293190
28500 295429
28500 280486
28500 270647
28600 273135
28600 261739
28600 266437
28700 284535
28700 269756
28700 279666
28800 290650
28800 282044
28800 273810
28900 267117
28900 311636
28900 298572
29000 317135
29000 266008
29000 286229
29100 271350
29100 274667
29100 291871
29200 280702
29200 287011
29200 272094
29300 280363
29300 296631
29300 324610
29400 286354
29400 283825
29400 309780
29500 272447
29500 323821
29500 322730
29600 299269
29600 281294
29600 279427
29700 304162
29700 289512
29700 287875
29800 291708
29800 293636
29800 280484
29900 278488
29900 315381
29900 296549
30000 277507
30000 295019
30000 286621
30100 287259
30100 286663
30100 301527
30200 330224
30200 322380
30200 322591
30300 293701
30300 290735
30300 312388
30400 340648
30400 359936
30400 343566
30500 310665
30500 282382
30500 307554
30600 308596
30600 301156
30600 314259
30700 309345
30700 296593
30700 300698
30800 291419
30800 290102
30800 315946
30900 307886
