100 672
100 672
100 672
200 1544
200 1544
200 1544
300 2488
300 2488
300 2488
400 3488
400 3488
400 3488
500 4488
500 4488
500 4488
600 5576
600 5576
600 5576
700 6676
700 6676
700 6676
800 7776
800 7776
800 7776
900 8876
900 8876
900 8876
1000 9976
1000 9976
1000 9976
1100 11152
1100 11152
1100 11152
1200 12352
1200 12352
1200 12352
1300 13552
1300 13552
1300 13552
1400 14752
1400 14752
1400 14752
1500 15952
1500 15952
1500 15952
1600 17152
1600 17152
1600 17152
1700 18352
1700 18352
1700 18352
1800 19552
1800 19552
1800 19552
1900 20752
1900 20752
1900 20752
2000 21952
2000 21952
2000 21952
2100 23204
2100 23204
2100 23204
2200 24504
2200 24504
2200 24504
2300 25804
2300 25804
2300 25804
2400 27104
2400 27104
2400 27104
2500 28404
2500 28404
2500 28404
2600 29704
2600 29704
2600 29704
2700 31004
2700 31004
2700 31004
2800 32304
2800 32304
2800 32304
2900 33604
2900 33604
2900 33604
3000 34904
3000 34904
3000 34904
3100 36204
3100 36204
3100 36204
3200 37504
3200 37504
3200 37504
3300 38804
3300 38804
3300 38804
3400 40104
3400 40104
3400 40104
3500 41404
3500 41404
3500 41404
3600 42704
3600 42704
3600 42704
3700 44004
3700 44004
3700 44004
3800 45304
3800 45304
3800 45304
3900 46604
3900 46604
3900 46604
4000 47904
4000 47904
4000 47904
4100 49208
4100 49208
4100 49208
4200 50608
4200 50608
4200 50608
4300 52008
4300 52008
4300 52008
4400 53408
4400 53408
4400 53408
4500 54808
4500 54808
4500 54808
4600 56208
4600 56208
4600 56208
4700 57608
4700 57608
4700 57608
4800 59008
4800 59008
4800 59008
4900 60408
4900 60408
4900 60408
5000 61808
5000 61808
5000 61808
5100 63208
5100 63208
5100 63208
5200 64608
5200 64608
5200 64608
5300 66008
5300 66008
5300 66008
5400 67408
5400 67408
5400 67408
5500 68808
5500 68808
5500 68808
5600 70208
5600 70208
5600 70208
5700 71608
5700 71608
5700 71608
5800 73008
5800 73008
5800 73008
5900 74408
5900 74408
5900 74408
6000 75808
6000 75808
6000 75808
6100 77208
6100 77208
6100 77208
6200 78608
6200 78608
6200 78608
6300 80008
6300 80008
6300 80008
6400 81408
6400 81408
6400 81408
6500 82808
6500 82808
6500 82808
6600 84208
6600 84208
6600 84208
6700 85608
6700 85608
6700 85608
6800 87008
6800 87008
6800 87008
6900 88408
6900 88408
6900 88408
7000 89808
7000 89808
7000 89808
7100 91208
7100 91208
7100 91208
7200 92608
7200 92608
7200 92608
7300 94008
7300 94008
7300 94008
7400 95408
7400 95408
7400 95408
7500 96808
7500 96808
7500 96808
7600 98208
7600 98208
7600 98208
7700 99608
7700 99608
7700 99608
7800 101008
7800 101008
7800 101008
7900 102408
7900 102408
7900 102408
8000 103808
8000 103808
8000 103808
8100 105208
8100 105208
8100 105208
8200 106616
8200 106616
8200 106616
8300 108116
8300 108116
8300 108116
8400 109616
8400 109616
8400 109616
8500 111116
8500 111116
8500 111116
8600 112616
8600 112616
8600 112616
8700 114116
8700 114116
8700 114116
8800 115616
8800 115616
8800 115616
8900 117116
8900 117116
8900 117116
9000 118616
9000 118616
9000 118616
9100 120116
9100 120116
9100 120116
9200 121616
9200 121616
9200 121616
9300 123116
9300 123116
9300 123116
9400 124616
9400 124616
9400 124616
9500 126116
9500 126116
9500 126116
9600 127616
9600 127616
9600 127616
9700 129116
9700 129116
9700 129116
9800 130616
9800 130616
9800 130616
9900 132116
9900 132116
9900 132116
10000 133616
10000 133616
10000 133616
10100 135116
10100 135116
10100 135116
10200 136616
10200 136616
10200 136616
10300 138116
10300 138116
10300 138116
10400 139616
10400 139616
10400 139616
10500 141116
10500 141116
10500 141116
10600 142616
10600 142616
10600 142616
10700 144116
10700 144116
10700 144116
10800 145616
10800 145616
10800 145616
10900 147116
10900 147116
10900 147116
11000 148616
11000 148616
11000 148616
11100 150116
11100 150116
11100 150116
11200 151616
11200 151616
11200 151616
11300 153116
11300 153116
11300 153116
11400 154616
11400 154616
11400 154616
11500 156116
11500 156116
11500 156116
11600 157616
11600 157616
11600 157616
11700 159116
11700 159116
11700 159116
11800 160616
11800 160616
11800 160616
11900 162116
11900 162116
11900 162116
12000 163616
12000 163616
12000 163616
12100 165116
12100 165116
12100 165116
12200 166616
12200 166616
12200 166616
12300 168116
12300 168116
12300 168116
12400 169616
12400 169616
12400 169616
12500 171116
12500 171116
12500 171116
12600 172616
12600 172616
12600 172616
12700 174116
12700 174116
12700 174116
12800 175616
12800 175616
12800 175616
12900 177116
12900 177116
12900 177116
13000 178616
13000 178616
13000 178616
13100 180116
13100 180116
13100 180116
13200 181616
13200 181616
13200 181616
13300 183116
13300 183116
13300 183116
13400 184616
13400 184616
13400 184616
13500 186116
13500 186116
13500 186116
13600 187616
13600 187616
13600 187616
13700 189116
13700 189116
13700 189116
13800 190616
13800 190616
13800 190616
13900 192116
13900 192116
13900 192116
14000 193616
14000 193616
14000 193616
14100 195116
14100 195116
14100 195116
14200 196616
14200 196616
14200 196616
14300 198116
14300 198116
14300 198116
14400 199616
14400 199616
14400 199616
14500 201116
14500 201116
14500 201116
14600 202616
14600 202616
14600 202616
14700 204116
14700 204116
14700 204116
14800 205616
14800 205616
14800 205616
14900 207116
14900 207116
14900 207116
15000 208616
15000 208616
15000 208616
15100 210116
15100 210116
15100 210116
15200 211616
15200 211616
15200 211616
15300 213116
15300 213116
15300 213116
15400 214616
15400 214616
15400 214616
15500 216116
15500 216116
15500 216116
15600 217616
15600 217616
15600 217616
15700 219116
15700 219116
15700 219116
15800 220616
15800 220616
15800 220616
15900 222116
15900 222116
15900 222116
16000 223616
16000 223616
16000 223616
16100 225116
16100 225116
16100 225116
16200 226616
16200 226616
16200 226616
16300 228116
16300 228116
16300 228116
16400 229632
16400 229632
16400 229632
16500 231232
16500 231232
16500 231232
16600 232832
16600 232832
16600 232832
16700 234432
16700 234432
16700 234432
16800 236032
16800 236032
16800 236032
16900 237632
16900 237632
16900 237632
17000 239232
17000 239232
17000 239232
17100 240832
17100 240832
17100 240832
17200 242432
17200 242432
17200 242432
17300 244032
17300 244032
17300 244032
17400 245632
17400 245632
17400 245632
17500 247232
17500 247232
17500 247232
17600 248832
17600 248832
17600 248832
17700 250432
17700 250432
17700 250432
17800 252032
17800 252032
17800 252032
17900 253632
17900 253632
17900 253632
18000 255232
18000 255232
18000 255232
18100 256832
18100 256832
18100 256832
18200 258432
18200 258432
18200 258432
18300 260032
18300 260032
18300 260032
18400 261632
18400 261632
18400 261632
18500 263232
18500 263232
18500 263232
18600 264832
18600 264832
18600 264832
18700 266432
18700 266432
18700 266432
18800 268032
18800 268032
18800 268032
18900 269632
18900 269632
18900 269632
19000 271232
19000 271232
19000 271232
19100 272832
19100 272832
19100 272832
19200 274432
19200 274432
19200 274432
19300 276032
19300 276032
19300 276032
19400 277632
19400 277632
19400 277632
19500 279232
19500 279232
19500 279232
19600 280832
19600 280832
19600 280832
19700 282432
19700 282432
19700 282432
19800 284032
19800 284032
19800 284032
19900 285632
19900 285632
19900 285632
20000 287232
20000 287232
20000 287232
20100 288832
20100 288832
20100 288832
20200 290432
20200 290432
20200 290432
20300 292032
20300 292032
20300 292032
20400 293632
20400 293632
20400 293632
20500 295232
20500 295232
20500 295232
20600 296832
20600 296832
20600 296832
20700 298432
20700 298432
20700 298432
20800 300032
20800 300032
20800 300032
20900 301632
20900 301632
20900 301632
21000 303232
21000 303232
21000 303232
21100 304832
21100 304832
21100 304832
21200 306432
21200 306432
21200 306432
21300 308032
21300 308032
21300 308032
21400 309632
21400 309632
21400 309632
21500 311232
21500 311232
21500 311232
21600 312832
21600 312832
21600 312832
21700 314432
21700 314432
21700 314432
21800 316032
21800 316032
21800 316032
21900 317632
21900 317632
21900 317632
22000 319232
22000 319232
22000 319232
22100 320832
22100 320832
22100 320832
22200 322432
22200 322432
22200 322432
22300 324032
22300 324032
22300 324032
22400 325632
22400 325632
22400 325632
22500 327232
22500 327232
22500 327232
22600 328832
22600 328832
22600 328832
22700 330432
22700 330432
22700 330432
22800 332032
22800 332032
22800 332032
22900 333632
22900 333632
22900 333632
23000 335232
23000 335232
23000 335232
23100 336832
23100 336832
23100 336832
23200 338432
23200 338432
23200 338432
23300 340032
23300 340032
23300 340032
23400 341632
23400 341632
23400 341632
23500 343232
23500 343232
23500 343232
23600 344832
23600 344832
23600 344832
23700 346432
23700 346432
23700 346432
23800 348032
23800 348032
23800 348032
23900 349632
23900 349632
23900 349632
24000 351232
24000 351232
24000 351232
24100 352832
24100 352832
24100 352832
24200 354432
24200 354432
24200 354432
24300 356032
24300 356032
24300 356032
24400 357632
24400 357632
24400 357632
24500 359232
24500 359232
24500 359232
24600 360832
24600 360832
24600 360832
24700 362432
24700 362432
24700 362432
24800 364032
24800 364032
24800 364032
24900 365632
24900 365632
24900 365632
25000 367232
25000 367232
25000 367232
25100 368832
25100 368832
25100 368832
25200 370432
25200 370432
25200 370432
25300 372032
25300 372032
25300 372032
25400 373632
25400 373632
25400 373632
25500 375232
25500 375232
25500 375232
25600 376832
25600 376832
25600 376832
25700 378432
25700 378432
25700 378432
25800 380032
25800 380032
25800 380032
25900 381632
25900 381632
25900 381632
26000 383232
26000 383232
26000 383232
26100 384832
26100 384832
26100 384832
26200 386432
26200 386432
26200 386432
26300 388032
26300 388032
26300 388032
26400 389632
26400 389632
26400 389632
26500 391232
26500 391232
26500 391232
26600 392832
26600 392832
26600 392832
26700 394432
26700 394432
26700 394432
26800 396032
26800 396032
26800 396032
26900 397632
26900 397632
26900 397632
27000 399232
27000 399232
27000 399232
27100 400832
27100 400832
27100 400832
27200 402432
27200 402432
27200 402432
27300 404032
27300 404032
27300 404032
27400 405632
27400 405632
27400 405632
27500 407232
27500 407232
27500 407232
27600 408832
27600 408832
27600 408832
27700 410432
27700 410432
27700 410432
27800 412032
27800 412032
27800 412032
27900 413632
27900 413632
27900 413632
28000 415232
28000 415232
28000 415232
28100 416832
28100 416832
28100 416832
28200 418432
28200 418432
28200 418432
28300 420032
28300 420032
28300 420032
28400 421632
28400 421632
28400 421632
28500 423232
28500 423232
28500 423232
28600 424832
28600 424832
28600 424832
28700 426432
28700 426432
28700 426432
28800 428032
28800 428032
28800 428032
28900 429632
28900 429632
28900 429632
29000 431232
29000 431232
29000 431232
29100 432832
29100 432832
29100 432832
29200 434432
29200 434432
29200 434432
29300 436032
29300 436032
29300 436032
29400 437632
29400 437632
29400 437632
29500 439232
29500 439232
29500 439232
29600 440832
29600 440832
29600 440832
29700 442432
29700 442432
29700 442432
29800 444032
29800 444032
29800 444032
29900 445632
29900 445632
29900 445632
30000 447232
30000 447232
30000 447232
30100 448832
30100 448832
30100 448832
30200 450432
30200 450432
30200 450432
30300 452032
30300 452032
30300 452032
30400 453632
30400 453632
30400 453632
30500 455232
30500 455232
30500 455232
30600 456832
30600 456832
30600 456832
30700 458432
30700 458432
30700 458432
30800 460032
30800 460032
30800 460032
30900 461632
