5 4
5 4
5 4
6 10
6 10
6 10
7 15
7 15
7 15
8 15
8 15
8 15
9 24
9 24
9 24
10 15
10 15
10 15
11 46
11 46
11 46
12 47
12 47
12 47
13 43
13 43
13 43
14 49
14 49
14 49
15 50
15 50
15 50
16 54
16 54
16 54
17 57
17 57
17 57
18 76
18 76
18 76
19 78
19 78
19 78
20 79
20 79
20 79
21 88
21 88
21 88
22 115
22 115
22 115
23 121
23 121
23 121
24 123
24 123
24 123
25 120
25 120
25 120
26 126
26 145
26 126
27 127
27 127
27 127
28 130
28 130
28 130
29 133
29 133
29 133
30 155
30 155
30 155
31 156
31 156
31 156
32 158
32 158
32 158
33 156
33 156
33 156
34 181
34 181
34 181
35 186
35 186
35 186
36 183
36 183
36 183
37 194
37 194
37 194
38 183
38 183
38 183
39 184
39 184
39 184
40 185
40 185
40 185
41 220
41 220
41 220
42 232
42 232
42 232
43 233
43 233
43 233
44 252
44 252
44 252
45 247
45 247
45 247
46 261
46 261
46 261
47 253
47 253
47 253
48 250
48 250
48 250
49 249
49 249
49 249
50 289
50 289
50 289
51 316
51 316
51 316
52 318
52 318
52 318
53 324
53 324
53 324
54 271
54 271
54 271
55 256
55 256
55 256
56 332
56 332
56 332
57 338
57 338
57 338
58 388
58 388
58 388
59 400
59 400
59 400
60 400
60 400
60 400
61 305
61 305
61 305
62 379
62 378
62 378
63 378
63 378
63 378
64 379
64 379
64 379
65 380
65 380
65 380
66 428
66 428
66 428
67 444
67 444
67 444
68 453
68 453
68 451
69 454
69 454
69 454
70 491
70 491
70 491
71 566
71 566
71 566
72 533
72 533
72 533
73 531
73 531
73 531
74 417
74 417
74 417
75 447
75 447
75 447
76 449
76 449
76 449
77 469
77 469
77 469
78 476
78 477
78 479
79 443
79 443
79 443
80 444
80 444
80 444
81 437
81 437
81 456
82 540
82 540
82 540
83 551
83 551
83 551
84 551
84 551
84 551
85 536
85 536
85 536
86 532
86 532
86 532
87 525
87 525
87 525
88 530
88 530
88 530
89 530
89 530
89 530
90 585
90 585
90 585
91 576
91 576
91 576
92 600
92 600
92 600
93 585
93 585
93 578
94 535
94 535
94 535
95 540
95 540
95 540
96 551
96 551
96 550
97 528
97 528
97 528
98 686
98 685
98 686
99 707
99 707
99 707
100 714
100 714
100 714
