100 370
100 393
100 433
200 692
200 630
200 957
300 1360
300 1645
300 1284
400 2150
400 1781
400 1865
500 2851
500 2272
500 2765
600 3552
600 3062
600 2856
700 3521
700 4064
700 3826
800 4957
800 3673
800 3748
900 4563
900 4354
900 4704
1000 6624
1000 6260
1000 5373
1100 6555
1100 6433
1100 5958
1200 7122
1200 6538
1200 5969
1300 5977
1300 7088
1300 6908
1400 7580
1400 9101
1400 7052
1500 7147
1500 8209
1500 9303
1600 10873
1600 11332
1600 9357
1700 10840
1700 8922
1700 10165
1800 10786
1800 10762
1800 13383
1900 12360
1900 10755
1900 14072
2000 13326
2000 12452
2000 13718
2100 11889
2100 12237
2100 13483
2200 13680
2200 15382
2200 14126
2300 14026
2300 13858
2300 16995
2400 15828
2400 16515
2400 13957
2500 13860
2500 14872
2500 16002
2600 19463
2600 14631
2600 18176
2700 16132
2700 16094
2700 19000
2800 17762
2800 19250
2800 16971
2900 18855
2900 18892
2900 20609
3000 21372
3000 18127
3000 21563
3100 19352
3100 17537
3100 17927
3200 23156
3200 18603
3200 20736
3300 20719
3300 23670
3300 20448
3400 21634
3400 19980
3400 19723
3500 23185
3500 28205
3500 22653
3600 27174
3600 25889
3600 23075
3700 28222
3700 25312
3700 24756
3800 25681
3800 29527
3800 31275
3900 25577
3900 25905
3900 28358
4000 26496
4000 23531
4000 29943
4100 26153
4100 31331
4100 25668
4200 28749
4200 26260
4200 31060
4300 27808
4300 32283
4300 30140
4400 28064
4400 27922
4400 29125
4500 28254
4500 34740
4500 35719
4600 29610
4600 32501
4600 31670
4700 31903
4700 28554
4700 32505
4800 27936
4800 34995
4800 32070
4900 34781
4900 31158
4900 33499
5000 36182
5000 32399
5000 32101
5100 35846
5100 38559
5100 38739
5200 35844
5200 35272
5200 32807
5300 39036
5300 35430
5300 38574
5400 37378
5400 39029
5400 41732
5500 42915
5500 39853
5500 36157
5600 37562
5600 42583
5600 40744
5700 38842
5700 41692
5700 36651
5800 37885
5800 39006
5800 42526
5900 40107
5900 40726
5900 35722
6000 45730
6000 45103
6000 37431
6100 40798
6100 49669
6100 44464
6200 41742
6200 49093
6200 42847
6300 59417
6300 45982
6300 42501
6400 43298
6400 51952
6400 50003
6500 52757
6500 45797
6500 50922
6600 51330
6600 50978
6600 57704
6700 47946
6700 52345
6700 54678
6800 44479
6800 55110
6800 50824
6900 46282
6900 50933
6900 54047
7000 47914
7000 44599
7000 52258
7100 50354
7100 48508
7100 51417
7200 50369
7200 57809
7200 48663
7300 50279
7300 53262
7300 55586
7400 48183
7400 51179
7400 53690
7500 50232
7500 48932
7500 55505
7600 63188
7600 52615
7600 53738
7700 61423
7700 60092
7700 63624
7800 60432
7800 61100
7800 55385
7900 57778
7900 62048
7900 56805
8000 56712
8000 64709
8000 60409
8100 58269
8100 54926
8100 63722
8200 61392
8200 70897
8200 68547
8300 60439
8300 62162
8300 63731
8400 62777
8400 64000
8400 58070
8500 60959
8500 62471
8500 56350
8600 63752
8600 57639
8600 58197
8700 72008
8700 69442
8700 75756
8800 69640
8800 74371
8800 69441
8900 66793
8900 58956
8900 63595
9000 73326
9000 71979
9000 64781
9100 67382
9100 68729
9100 63873
9200 70008
9200 77428
9200 77843
9300 76902
9300 69731
9300 69200
9400 68633
9400 68313
9400 66940
9500 80205
9500 67384
9500 72795
9600 89681
9600 70085
9600 65583
9700 82907
9700 68375
9700 80605
9800 72307
9800 79316
9800 96483
9900 76031
9900 83878
9900 80962
10000 80396
10000 74347
10000 74643
10100 82073
10100 77240
10100 75299
10200 93026
10200 93907
10200 74491
10300 74980
10300 88892
10300 91260
10400 86093
10400 78835
10400 88536
10500 88601
10500 80638
10500 84811
10600 86709
10600 89691
10600 79917
10700 79404
10700 82367
10700 82167
10800 86504
10800 81693
10800 87648
10900 77409
10900 82840
10900 81145
11000 81058
11000 75443
11000 85623
11100 93129
11100 96064
11100 79708
11200 83179
11200 74645
11200 81141
11300 82945
11300 84287
11300 96664
11400 88342
11400 88157
11400 83192
11500 87665
11500 94562
11500 96760
11600 96830
11600 95592
11600 94659
11700 105989
11700 90391
11700 91327
11800 88681
11800 85126
11800 85344
11900 95032
11900 86029
11900 89602
12000 85946
12000 89533
12000 89376
12100 98279
12100 99692
12100 91344
12200 99584
12200 92399
12200 95003
12300 101453
12300 105643
12300 101827
12400 91714
12400 99340
12400 91925
12500 97585
12500 87347
12500 93381
12600 103150
12600 108115
12600 101471
12700 105594
12700 110739
12700 93751
12800 104723
12800 96438
12800 89820
12900 103386
12900 100936
12900 99980
13000 92188
13000 101016
13000 105284
13100 118195
13100 107403
13100 112302
13200 111649
13200 99979
13200 94507
13300 120686
13300 94834
13300 106040
13400 114376
13400 110602
13400 105421
13500 96268
13500 106143
13500 114487
13600 128863
13600 102055
13600 107764
13700 109399
13700 109359
13700 106169
13800 113212
13800 110314
13800 127066
13900 108489
13900 99305
13900 102882
14000 120272
14000 112768
14000 104184
14100 112667
14100 99265
14100 109486
14200 110885
14200 104775
14200 109360
14300 134013
14300 117709
14300 127933
14400 116096
14400 116923
14400 103570
14500 105799
14500 123159
14500 112132
14600 120740
14600 139300
14600 112667
14700 119375
14700 114141
14700 121603
14800 122430
14800 122080
14800 117003
14900 120147
14900 123746
14900 114095
15000 119103
15000 119863
15000 147452
15100 126239
15100 116052
15100 130413
15200 122432
15200 117475
15200 117275
15300 150190
15300 126437
15300 125351
15400 119944
15400 126550
15400 141411
15500 124556
15500 125161
15500 135008
15600 127240
15600 130834
15600 152831
