100 265
100 260
100 256
200 640
200 627
200 637
300 1015
300 1021
300 1031
400 1435
400 1439
400 1448
500 1906
500 1906
500 1885
600 2345
600 2314
600 2272
700 2800
700 2794
700 2778
800 3220
800 3244
800 3283
900 3798
900 3770
900 3780
1000 4330
1000 4292
1000 4323
1100 4772
1100 4750
1100 4832
1200 5272
1200 5242
1200 5276
1300 5782
1300 5788
1300 5768
1400 6278
1400 6333
1400 6264
1500 6850
1500 6855
1500 6836
1600 7354
1600 7386
1600 7348
1700 7862
1700 7888
1700 7895
1800 8469
1800 8515
1800 8484
1900 8985
1900 9065
1900 9027
2000 9564
2000 9595
2000 9598
2100 10177
2100 10173
2100 10161
2200 10615
2200 10625
2200 10641
2300 11170
2300 11211
2300 11186
2400 11699
2400 11711
2400 11732
2500 12214
2500 12212
2500 12321
2600 12911
2600 12817
2600 12813
2700 13385
2700 13390
2700 13333
2800 14021
2800 13953
2800 14007
2900 14566
2900 14587
2900 14603
3000 15190
3000 15142
3000 15266
3100 15804
3100 15744
3100 15815
3200 16324
3200 16400
3200 16247
3300 16904
3300 16896
3300 16887
3400 17498
3400 17531
3400 17484
3500 18129
3500 18128
3500 18149
3600 18745
3600 18771
3600 18746
3700 19328
3700 19366
3700 19306
3800 19849
3800 19884
3800 19943
3900 20590
3900 20593
3900 20552
4000 21184
4000 21263
4000 21253
4100 22036
4100 22001
4100 21984
4200 22421
4200 22515
4200 22494
4300 22957
4300 22959
4300 22963
4400 23515
4400 23513
4400 23579
4500 24067
4500 24088
4500 24103
4600 24774
4600 24789
4600 24709
4700 25308
4700 25225
4700 25187
4800 25924
4800 25816
4800 25841
4900 26378
4900 26387
4900 26483
5000 27087
5000 27070
5000 27123
5100 27735
5100 27826
5100 27847
5200 28307
5200 28268
5200 28282
5300 28897
5300 28806
5300 28917
5400 29371
5400 29524
5400 29505
5500 30056
5500 30185
5500 30178
5600 30699
5600 30704
5600 30870
5700 31365
5700 31399
5700 31377
5800 31989
5800 32033
5800 31961
5900 32726
5900 32665
5900 32764
6000 33259
6000 33450
6000 33371
6100 34111
6100 34066
6100 34018
6200 34730
6200 34690
6200 34695
6300 35219
6300 35150
6300 35288
6400 35859
6400 35792
6400 36009
6500 36485
6500 36416
6500 36521
6600 36992
6600 37021
6600 37066
6700 37661
6700 37807
6700 37823
6800 38418
6800 38247
6800 38267
6900 38933
6900 39068
6900 39022
7000 39634
7000 39708
7000 39631
7100 40352
7100 40364
7100 40364
7200 41146
7200 41018
7200 41088
7300 41578
7300 41694
7300 41692
7400 42269
7400 42329
7400 42388
7500 42896
7500 42961
7500 42960
7600 43656
7600 43667
7600 43686
7700 44416
7700 44455
7700 44333
7800 45161
7800 45023
7800 45068
7900 45761
7900 45787
7900 45869
8000 46569
8000 46382
8000 46531
8100 47232
8100 47253
8100 47323
8200 48129
8200 48158
8200 48065
8300 48550
8300 48582
8300 48541
8400 49078
8400 49079
8400 49145
8500 49651
8500 49543
8500 49574
8600 50211
8600 50096
8600 50238
8700 50891
8700 50795
8700 50892
8800 51348
8800 51463
8800 51466
8900 52087
8900 52094
8900 51990
9000 52698
9000 52592
9000 52616
9100 53225
9100 53292
9100 53249
9200 53967
9200 54060
9200 54089
9300 54731
9300 54507
9300 54490
9400 55168
9400 55062
9400 55067
9500 55897
9500 55798
9500 55908
9600 56378
9600 56476
9600 56366
9700 56986
9700 57226
9700 57260
9800 57960
9800 57794
9800 57955
9900 58412
9900 58343
9900 58443
10000 59212
10000 59107
10000 59200
10100 60000
10100 59981
10100 59857
10200 60641
10200 60591
10200 60571
10300 61351
10300 61336
10300 61266
10400 61761
10400 61742
10400 61872
10500 62428
10500 62621
10500 62291
10600 63021
10600 63116
10600 62966
10700 63807
10700 63705
10700 63864
10800 64401
10800 64353
10800 64426
10900 64851
10900 65020
10900 64913
11000 65822
11000 65705
11000 65762
11100 66413
11100 66394
11100 66445
11200 67048
11200 67145
11200 67220
11300 67949
11300 67870
11300 67943
11400 68377
11400 68466
11400 68368
11500 69066
11500 69151
11500 69151
11600 69796
11600 69779
11600 69798
11700 70510
11700 70485
11700 70559
11800 71347
11800 71391
11800 71273
11900 71815
11900 72031
11900 72060
12000 72584
12000 72816
12000 72912
12100 73513
12100 73582
12100 73424
12200 74379
12200 74302
12200 74339
12300 75051
12300 75161
12300 75091
12400 75723
12400 75703
12400 75650
12500 76114
12500 76127
12500 76262
12600 76743
12600 76901
12600 76899
12700 77378
12700 77493
12700 77494
12800 78174
12800 78221
12800 78224
12900 78721
12900 78778
12900 78794
13000 79410
13000 79267
13000 79398
13100 80055
13100 79992
13100 80014
13200 80775
13200 80751
13200 80714
13300 81599
13300 81702
13300 81572
13400 82121
13400 82103
13400 82126
13500 82662
13500 82707
13500 82871
13600 83601
13600 83555
13600 83537
13700 84303
13700 84125
13700 84282
13800 85180
13800 84891
13800 84784
13900 85835
13900 85672
13900 85716
14000 86443
14000 86400
14000 86495
14100 86990
14100 87157
14100 87159
14200 88023
14200 87897
14200 87873
14300 88810
14300 88825
14300 88679
14400 89383
14400 89588
14400 89410
14500 89993
14500 90010
14500 89966
14600 90502
14600 90647
14600 90635
14700 91123
14700 91322
14700 91249
14800 92007
14800 92118
14800 92156
14900 92682
14900 92905
14900 92854
15000 93530
15000 93453
15000 93480
15100 94261
15100 94252
15100 94205
15200 94837
15200 94977
15200 94912
15300 95899
15300 95701
15300 95759
15400 96419
15400 96550
15400 96571
15500 97143
15500 97172
15500 97285
15600 97847
15600 97836
15600 97986
15700 98666
