5 6
5 6
5 13
6 9
6 4
6 7
7 11
7 12
7 7
8 5
8 17
8 10
9 15
9 6
9 7
10 24
10 16
10 13
11 17
11 42
11 16
12 19
12 19
12 17
13 25
13 37
13 25
14 30
14 33
14 22
15 43
15 46
15 18
16 17
16 31
16 18
17 39
17 25
17 44
18 38
18 34
18 46
19 41
19 42
19 66
20 68
20 70
20 58
21 42
21 47
21 42
22 65
22 82
22 59
23 56
23 43
23 89
24 49
24 55
24 86
25 86
25 75
25 93
26 78
26 83
26 132
27 78
27 67
27 98
28 113
28 56
28 169
29 71
29 109
29 80
30 93
30 55
30 101
31 109
31 71
31 106
32 55
32 74
32 100
33 86
33 97
33 57
34 69
34 101
34 86
35 80
35 123
35 112
36 96
36 186
36 84
37 110
37 105
37 193
38 67
38 90
38 79
39 156
39 62
39 191
40 122
40 107
40 88
41 161
41 147
41 119
42 202
42 120
42 164
43 116
43 144
43 154
44 110
44 144
44 120
45 149
45 221
45 112
46 127
46 119
46 173
47 150
47 260
47 165
48 208
48 169
48 203
49 223
49 220
49 246
50 183
50 156
50 199
51 236
51 145
51 223
52 172
52 130
52 242
53 255
53 132
53 174
54 321
54 132
54 157
55 149
55 175
55 194
56 270
56 190
56 184
57 354
57 246
57 215
58 165
58 250
58 235
59 193
59 200
59 215
60 141
60 250
60 176
61 206
61 231
61 301
62 253
62 257
62 205
63 340
63 390
63 294
64 261
64 294
64 192
65 238
65 175
65 250
66 233
66 338
66 265
67 198
67 263
67 273
68 277
68 290
68 280
69 270
69 351
69 219
70 370
70 317
70 237
71 357
71 255
71 192
72 261
72 307
72 367
73 285
73 309
73 364
74 298
74 249
74 301
75 249
75 400
75 249
76 190
76 272
76 237
77 295
77 373
77 386
78 278
78 242
78 324
79 328
79 303
79 396
80 246
80 263
80 230
81 433
81 360
81 272
82 275
82 326
82 274
83 356
83 252
83 317
84 219
84 433
84 354
85 535
85 351
85 404
86 496
86 335
86 397
87 502
87 266
87 430
88 350
88 347
88 352
89 326
89 279
89 265
90 297
90 280
90 258
91 327
91 318
91 393
92 579
92 314
92 356
93 330
93 684
93 482
94 277
94 431
94 320
95 381
95 409
95 412
96 421
96 397
96 364
97 341
97 617
97 309
98 451
98 479
98 459
99 350
99 476
99 463
100 315
100 426
100 383
