100 490
100 490
100 490
200 990
200 990
200 990
300 1490
300 1490
300 1490
400 1990
400 1990
400 1990
500 2490
500 2490
500 2490
600 2990
600 2990
600 2990
700 3490
700 3490
700 3490
800 3990
800 3990
800 3990
900 4490
900 4490
900 4490
1000 4990
1000 4990
1000 4990
1100 5490
1100 5490
1100 5490
1200 5990
1200 5990
1200 5990
1300 6490
1300 6490
1300 6490
1400 6990
1400 6990
1400 6990
1500 7490
1500 7490
1500 7490
1600 7990
1600 7990
1600 7990
1700 8490
1700 8490
1700 8490
1800 8990
1800 8990
1800 8990
1900 9490
1900 9490
1900 9490
2000 9990
2000 9990
2000 9990
2100 10490
2100 10490
2100 10490
2200 10990
2200 10990
2200 10990
2300 11490
2300 11490
2300 11490
2400 11990
2400 11990
2400 11990
2500 12490
2500 12490
2500 12490
2600 12990
2600 12990
2600 12990
2700 13490
2700 13490
2700 13490
2800 13990
2800 13990
2800 13990
2900 14490
2900 14490
2900 14490
3000 14990
3000 14990
3000 14990
3100 15490
3100 15490
3100 15490
3200 15990
3200 15990
3200 15990
3300 16490
3300 16490
3300 16490
3400 16990
3400 16990
3400 16990
3500 17490
3500 17490
3500 17490
3600 17990
3600 17990
3600 17990
3700 18490
3700 18490
3700 18490
3800 18990
3800 18990
3800 18990
3900 19490
3900 19490
3900 19490
4000 19990
4000 19990
4000 19990
4100 20490
4100 20490
4100 20490
4200 20990
4200 20990
4200 20990
4300 21490
4300 21490
4300 21490
4400 21990
4400 21990
4400 21990
4500 22490
4500 22490
4500 22490
4600 22990
4600 22990
4600 22990
4700 23490
4700 23490
4700 23490
4800 23990
4800 23990
4800 23990
4900 24490
4900 24490
4900 24490
5000 24990
5000 24990
5000 24990
5100 25490
5100 25490
5100 25490
5200 25990
5200 25990
5200 25990
5300 26490
5300 26490
5300 26490
5400 26990
5400 26990
5400 26990
5500 27490
5500 27490
5500 27490
5600 27990
5600 27990
5600 27990
5700 28490
5700 28490
5700 28490
5800 28990
5800 28990
5800 28990
5900 29490
5900 29490
5900 29490
6000 29990
6000 29990
6000 29990
6100 30490
6100 30490
6100 30490
6200 30990
6200 30990
6200 30990
6300 31490
6300 31490
6300 31490
6400 31990
6400 31990
6400 31990
6500 32490
6500 32490
6500 32490
6600 32990
6600 32990
6600 32990
6700 33490
6700 33490
6700 33490
6800 33990
6800 33990
6800 33990
6900 34490
6900 34490
6900 34490
7000 34990
7000 34990
7000 34990
7100 35490
7100 35490
7100 35490
7200 35990
7200 35990
7200 35990
7300 36490
7300 36490
7300 36490
7400 36990
7400 36990
7400 36990
7500 37490
7500 37490
7500 37490
7600 37990
7600 37990
7600 37990
7700 38490
7700 38490
7700 38490
7800 38990
7800 38990
7800 38990
7900 39490
7900 39490
7900 39490
8000 39990
8000 39990
8000 39990
8100 40490
8100 40490
8100 40490
8200 40990
8200 40990
8200 40990
8300 41490
8300 41490
8300 41490
8400 41990
8400 41990
8400 41990
8500 42490
8500 42490
8500 42490
8600 42990
8600 42990
8600 42990
8700 43490
8700 43490
8700 43490
8800 43990
8800 43990
8800 43990
8900 44490
8900 44490
8900 44490
9000 44990
9000 44990
9000 44990
9100 45490
9100 45490
9100 45490
9200 45990
9200 45990
9200 45990
9300 46490
9300 46490
9300 46490
9400 46990
9400 46990
9400 46990
9500 47490
9500 47490
9500 47490
9600 47990
9600 47990
9600 47990
9700 48490
9700 48490
9700 48490
9800 48990
9800 48990
9800 48990
9900 49490
9900 49490
9900 49490
10000 49990
10000 49990
10000 49990
10100 50490
10100 50490
10100 50490
10200 50990
10200 50990
10200 50990
10300 51490
10300 51490
10300 51490
10400 51990
10400 51990
10400 51990
10500 52490
10500 52490
10500 52490
10600 52990
10600 52990
10600 52990
10700 53490
10700 53490
10700 53490
10800 53990
10800 53990
10800 53990
10900 54490
10900 54490
10900 54490
11000 54990
11000 54990
11000 54990
11100 55490
11100 55490
11100 55490
11200 55990
11200 55990
11200 55990
11300 56490
11300 56490
11300 56490
11400 56990
11400 56990
11400 56990
11500 57490
11500 57490
11500 57490
11600 57990
11600 57990
11600 57990
11700 58490
11700 58490
11700 58490
11800 58990
11800 58990
11800 58990
11900 59490
11900 59490
11900 59490
12000 59990
12000 59990
12000 59990
12100 60490
12100 60490
12100 60490
12200 60990
12200 60990
12200 60990
12300 61490
12300 61490
12300 61490
12400 61990
12400 61990
12400 61990
12500 62490
12500 62490
12500 62490
12600 62990
12600 62990
12600 62990
12700 63490
12700 63490
12700 63490
12800 63990
12800 63990
12800 63990
12900 64490
12900 64490
12900 64490
13000 64990
13000 64990
13000 64990
13100 65490
13100 65490
13100 65490
13200 65990
13200 65990
13200 65990
13300 66490
13300 66490
13300 66490
13400 66990
13400 66990
13400 66990
13500 67490
13500 67490
13500 67490
13600 67990
13600 67990
13600 67990
13700 68490
13700 68490
13700 68490
13800 68990
13800 68990
13800 68990
13900 69490
13900 69490
13900 69490
14000 69990
14000 69990
14000 69990
14100 70490
14100 70490
14100 70490
14200 70990
14200 70990
14200 70990
14300 71490
14300 71490
14300 71490
14400 71990
14400 71990
14400 71990
14500 72490
14500 72490
14500 72490
14600 72990
14600 72990
14600 72990
14700 73490
14700 73490
14700 73490
14800 73990
14800 73990
14800 73990
14900 74490
14900 74490
14900 74490
15000 74990
15000 74990
15000 74990
15100 75490
15100 75490
15100 75490
15200 75990
15200 75990
15200 75990
15300 76490
15300 76490
15300 76490
15400 76990
15400 76990
15400 76990
15500 77490
15500 77490
15500 77490
15600 77990
15600 77990
15600 77990
15700 78490
15700 78490
15700 78490
15800 78990
15800 78990
15800 78990
15900 79490
15900 79490
15900 79490
16000 79990
16000 79990
16000 79990
16100 80490
16100 80490
16100 80490
16200 80990
16200 80990
16200 80990
16300 81490
16300 81490
16300 81490
16400 81990
16400 81990
16400 81990
16500 82490
16500 82490
16500 82490
16600 82990
16600 82990
16600 82990
16700 83490
16700 83490
16700 83490
16800 83990
16800 83990
16800 83990
16900 84490
16900 84490
16900 84490
17000 84990
17000 84990
17000 84990
17100 85490
17100 85490
17100 85490
17200 85990
17200 85990
17200 85990
17300 86490
17300 86490
17300 86490
17400 86990
17400 86990
17400 86990
17500 87490
17500 87490
17500 87490
17600 87990
17600 87990
17600 87990
17700 88490
17700 88490
17700 88490
17800 88990
17800 88990
17800 88990
17900 89490
17900 89490
17900 89490
18000 89990
18000 89990
18000 89990
18100 90490
18100 90490
18100 90490
18200 90990
18200 90990
18200 90990
18300 91490
18300 91490
18300 91490
18400 91990
18400 91990
18400 91990
18500 92490
18500 92490
18500 92490
18600 92990
18600 92990
18600 92990
18700 93490
18700 93490
18700 93490
18800 93990
18800 93990
18800 93990
18900 94490
18900 94490
18900 94490
19000 94990
19000 94990
19000 94990
19100 95490
19100 95490
19100 95490
19200 95990
19200 95990
19200 95990
19300 96490
19300 96490
19300 96490
19400 96990
19400 96990
19400 96990
19500 97490
19500 97490
19500 97490
19600 97990
19600 97990
19600 97990
19700 98490
19700 98490
19700 98490
19800 98990
19800 98990
19800 98990
19900 99490
19900 99490
19900 99490
20000 99990
20000 99990
20000 99990
20100 100490
20100 100490
20100 100490
20200 100990
20200 100990
20200 100990
20300 101490
20300 101490
20300 101490
20400 101990
20400 101990
20400 101990
20500 102490
20500 102490
20500 102490
20600 102990
20600 102990
20600 102990
20700 103490
20700 103490
20700 103490
20800 103990
20800 103990
20800 103990
20900 104490
20900 104490
20900 104490
21000 104990
21000 104990
21000 104990
21100 105490
21100 105490
21100 105490
21200 105990
21200 105990
21200 105990
21300 106490
21300 106490
21300 106490
21400 106990
21400 106990
21400 106990
21500 107490
21500 107490
21500 107490
21600 107990
21600 107990
21600 107990
21700 108490
21700 108490
21700 108490
21800 108990
21800 108990
21800 108990
21900 109490
21900 109490
21900 109490
22000 109990
22000 109990
22000 109990
22100 110490
22100 110490
22100 110490
22200 110990
22200 110990
22200 110990
22300 111490
22300 111490
22300 111490
22400 111990
22400 111990
22400 111990
22500 112490
22500 112490
22500 112490
22600 112990
22600 112990
22600 112990
22700 113490
22700 113490
22700 113490
22800 113990
22800 113990
22800 113990
22900 114490
22900 114490
22900 114490
23000 114990
23000 114990
23000 114990
23100 115490
23100 115490
23100 115490
23200 115990
23200 115990
23200 115990
23300 116490
23300 116490
23300 116490
23400 116990
23400 116990
23400 116990
23500 117490
23500 117490
23500 117490
23600 117990
23600 117990
23600 117990
23700 118490
23700 118490
23700 118490
23800 118990
23800 118990
23800 118990
23900 119490
23900 119490
23900 119490
24000 119990
24000 119990
24000 119990
24100 120490
24100 120490
24100 120490
24200 120990
24200 120990
24200 120990
24300 121490
24300 121490
24300 121490
24400 121990
24400 121990
24400 121990
24500 122490
24500 122490
24500 122490
24600 122990
24600 122990
24600 122990
24700 123490
24700 123490
24700 123490
24800 123990
24800 123990
24800 123990
24900 124490
24900 124490
24900 124490
25000 124990
25000 124990
25000 124990
25100 125490
25100 125490
25100 125490
25200 125990
25200 125990
25200 125990
25300 126490
25300 126490
25300 126490
25400 126990
25400 126990
25400 126990
25500 127490
25500 127490
25500 127490
25600 127990
25600 127990
25600 127990
25700 128490
25700 128490
25700 128490
25800 128990
25800 128990
25800 128990
25900 129490
25900 129490
25900 129490
26000 129990
26000 129990
26000 129990
26100 130490
26100 130490
26100 130490
26200 130990
26200 130990
26200 130990
26300 131490
26300 131490
26300 131490
26400 131990
26400 131990
26400 131990
26500 132490
26500 132490
26500 132490
26600 132990
26600 132990
26600 132990
26700 133490
26700 133490
26700 133490
26800 133990
26800 133990
26800 133990
26900 134490
26900 134490
26900 134490
27000 134990
27000 134990
27000 134990
27100 135490
27100 135490
27100 135490
27200 135990
27200 135990
27200 135990
27300 136490
27300 136490
27300 136490
27400 136990
27400 136990
27400 136990
27500 137490
27500 137490
27500 137490
27600 137990
27600 137990
27600 137990
27700 138490
27700 138490
27700 138490
27800 138990
27800 138990
27800 138990
27900 139490
27900 139490
27900 139490
28000 139990
28000 139990
28000 139990
28100 140490
28100 140490
28100 140490
28200 140990
28200 140990
28200 140990
28300 141490
28300 141490
28300 141490
28400 141990
28400 141990
28400 141990
28500 142490
28500 142490
28500 142490
28600 142990
28600 142990
28600 142990
28700 143490
28700 143490
28700 143490
28800 143990
28800 143990
28800 143990
28900 144490
28900 144490
28900 144490
29000 144990
29000 144990
29000 144990
29100 145490
29100 145490
29100 145490
29200 145990
29200 145990
29200 145990
29300 146490
29300 146490
29300 146490
29400 146990
29400 146990
29400 146990
29500 147490
29500 147490
29500 147490
29600 147990
29600 147990
29600 147990
29700 148490
29700 148490
29700 148490
29800 148990
29800 148990
29800 148990
29900 149490
29900 149490
29900 149490
30000 149990
30000 149990
30000 149990
30100 150490
30100 150490
30100 150490
30200 150990
30200 150990
30200 150990
30300 151490
30300 151490
30300 151490
30400 151990
30400 151990
30400 151990
30500 152490
30500 152490
30500 152490
30600 152990
30600 152990
30600 152990
30700 153490
30700 153490
30700 153490
30800 153990
30800 153990
30800 153990
30900 154490
30900 154490
30900 154490
31000 154990
31000 154990
31000 154990
31100 155490
31100 155490
31100 155490
31200 155990
31200 155990
31200 155990
31300 156490
31300 156490
31300 156490
31400 156990
31400 156990
31400 156990
31500 157490
31500 157490
31500 157490
31600 157990
31600 157990
31600 157990
31700 158490
31700 158490
31700 158490
31800 158990
31800 158990
31800 158990
31900 159490
31900 159490
31900 159490
32000 159990
32000 159990
32000 159990
32100 160490
32100 160490
32100 160490
32200 160990
32200 160990
32200 160990
32300 161490
32300 161490
32300 161490
32400 161990
32400 161990
32400 161990
32500 162490
32500 162490
32500 162490
32600 162990
32600 162990
32600 162990
32700 163490
32700 163490
32700 163490
32800 163990
32800 163990
32800 163990
32900 164490
32900 164490
32900 164490
33000 164990
33000 164990
33000 164990
33100 165490
33100 165490
33100 165490
33200 165990
33200 165990
33200 165990
33300 166490
33300 166490
33300 166490
33400 166990
33400 166990
33400 166990
33500 167490
33500 167490
33500 167490
33600 167990
33600 167990
33600 167990
33700 168490
33700 168490
33700 168490
33800 168990
33800 168990
33800 168990
33900 169490
33900 169490
33900 169490
34000 169990
34000 169990
34000 169990
34100 170490
34100 170490
34100 170490
34200 170990
34200 170990
34200 170990
34300 171490
34300 171490
34300 171490
34400 171990
34400 171990
34400 171990
34500 172490
34500 172490
34500 172490
34600 172990
34600 172990
34600 172990
34700 173490
34700 173490
34700 173490
34800 173990
34800 173990
34800 173990
34900 174490
34900 174490
34900 174490
35000 174990
35000 174990
35000 174990
35100 175490
35100 175490
35100 175490
35200 175990
35200 175990
35200 175990
35300 176490
35300 176490
35300 176490
35400 176990
35400 176990
35400 176990
35500 177490
35500 177490
35500 177490
35600 177990
35600 177990
35600 177990
35700 178490
35700 178490
35700 178490
35800 178990
35800 178990
35800 178990
35900 179490
35900 179490
35900 179490
36000 179990
36000 179990
36000 179990
36100 180490
36100 180490
36100 180490
36200 180990
36200 180990
36200 180990
36300 181490
36300 181490
36300 181490
36400 181990
36400 181990
36400 181990
36500 182490
36500 182490
36500 182490
36600 182990
36600 182990
36600 182990
36700 183490
36700 183490
36700 183490
36800 183990
36800 183990
36800 183990
36900 184490
36900 184490
36900 184490
37000 184990
37000 184990
37000 184990
37100 185490
37100 185490
37100 185490
37200 185990
37200 185990
37200 185990
37300 186490
37300 186490
37300 186490
37400 186990
37400 186990
37400 186990
37500 187490
37500 187490
37500 187490
37600 187990
37600 187990
37600 187990
37700 188490
37700 188490
37700 188490
37800 188990
37800 188990
37800 188990
37900 189490
37900 189490
37900 189490
38000 189990
38000 189990
38000 189990
38100 190490
38100 190490
38100 190490
38200 190990
38200 190990
38200 190990
38300 191490
38300 191490
38300 191490
38400 191990
38400 191990
38400 191990
38500 192490
38500 192490
38500 192490
38600 192990
38600 192990
38600 192990
38700 193490
38700 193490
38700 193490
38800 193990
38800 193990
38800 193990
38900 194490
38900 194490
38900 194490
39000 194990
39000 194990
39000 194990
39100 195490
39100 195490
39100 195490
39200 195990
39200 195990
39200 195990
39300 196490
39300 196490
39300 196490
39400 196990
39400 196990
39400 196990
39500 197490
39500 197490
39500 197490
39600 197990
39600 197990
39600 197990
39700 198490
39700 198490
39700 198490
39800 198990
39800 198990
39800 198990
39900 199490
39900 199490
39900 199490
40000 199990
40000 199990
40000 199990
40100 200490
40100 200490
40100 200490
40200 200990
40200 200990
40200 200990
40300 201490
40300 201490
40300 201490
40400 201990
40400 201990
40400 201990
40500 202490
40500 202490
40500 202490
40600 202990
40600 202990
40600 202990
40700 203490
40700 203490
40700 203490
40800 203990
40800 203990
40800 203990
40900 204490
40900 204490
40900 204490
41000 204990
41000 204990
41000 204990
41100 205490
41100 205490
41100 205490
41200 205990
41200 205990
41200 205990
41300 206490
41300 206490
41300 206490
41400 206990
41400 206990
41400 206990
41500 207490
41500 207490
41500 207490
41600 207990
41600 207990
41600 207990
41700 208490
41700 208490
41700 208490
41800 208990
41800 208990
41800 208990
41900 209490
41900 209490
41900 209490
42000 209990
42000 209990
42000 209990
42100 210490
42100 210490
42100 210490
42200 210990
42200 210990
42200 210990
42300 211490
42300 211490
42300 211490
42400 211990
42400 211990
42400 211990
42500 212490
42500 212490
42500 212490
42600 212990
42600 212990
42600 212990
42700 213490
42700 213490
42700 213490
42800 213990
42800 213990
42800 213990
42900 214490
42900 214490
42900 214490
43000 214990
43000 214990
43000 214990
43100 215490
43100 215490
43100 215490
43200 215990
43200 215990
43200 215990
43300 216490
43300 216490
43300 216490
43400 216990
43400 216990
43400 216990
43500 217490
43500 217490
43500 217490
43600 217990
43600 217990
43600 217990
43700 218490
43700 218490
43700 218490
43800 218990
43800 218990
43800 218990
43900 219490
43900 219490
43900 219490
44000 219990
44000 219990
44000 219990
44100 220490
44100 220490
44100 220490
44200 220990
44200 220990
44200 220990
44300 221490
44300 221490
44300 221490
44400 221990
44400 221990
44400 221990
44500 222490
44500 222490
44500 222490
44600 222990
44600 222990
44600 222990
44700 223490
44700 223490
44700 223490
44800 223990
44800 223990
44800 223990
44900 224490
44900 224490
44900 224490
45000 224990
45000 224990
45000 224990
45100 225490
45100 225490
45100 225490
45200 225990
45200 225990
45200 225990
45300 226490
45300 226490
45300 226490
45400 226990
45400 226990
45400 226990
45500 227490
45500 227490
45500 227490
45600 227990
45600 227990
45600 227990
45700 228490
45700 228490
45700 228490
45800 228990
45800 228990
45800 228990
45900 229490
45900 229490
45900 229490
46000 229990
46000 229990
46000 229990
46100 230490
46100 230490
46100 230490
46200 230990
46200 230990
46200 230990
46300 231490
46300 231490
46300 231490
46400 231990
46400 231990
46400 231990
46500 232490
46500 232490
46500 232490
46600 232990
46600 232990
46600 232990
46700 233490
46700 233490
46700 233490
46800 233990
46800 233990
46800 233990
46900 234490
46900 234490
46900 234490
47000 234990
47000 234990
47000 234990
47100 235490
47100 235490
47100 235490
47200 235990
47200 235990
47200 235990
47300 236490
47300 236490
47300 236490
47400 236990
47400 236990
47400 236990
47500 237490
47500 237490
47500 237490
47600 237990
47600 237990
47600 237990
47700 238490
47700 238490
47700 238490
47800 238990
47800 238990
47800 238990
47900 239490
47900 239490
47900 239490
48000 239990
48000 239990
48000 239990
48100 240490
48100 240490
48100 240490
48200 240990
48200 240990
48200 240990
48300 241490
48300 241490
48300 241490
48400 241990
48400 241990
48400 241990
48500 242490
48500 242490
48500 242490
48600 242990
48600 242990
48600 242990
48700 243490
48700 243490
48700 243490
48800 243990
48800 243990
48800 243990
48900 244490
48900 244490
48900 244490
49000 244990
49000 244990
49000 244990
49100 245490
49100 245490
49100 245490
49200 245990
49200 245990
49200 245990
49300 246490
49300 246490
49300 246490
49400 246990
49400 246990
49400 246990
49500 247490
49500 247490
49500 247490
49600 247990
49600 247990
49600 247990
49700 248490
49700 248490
49700 248490
49800 248990
49800 248990
49800 248990
49900 249490
49900 249490
49900 249490
50000 249990
50000 249990
50000 249990
50100 250490
50100 250490
50100 250490
50200 250990
50200 250990
50200 250990
50300 251490
50300 251490
50300 251490
50400 251990
50400 251990
50400 251990
50500 252490
50500 252490
50500 252490
50600 252990
50600 252990
50600 252990
50700 253490
50700 253490
50700 253490
50800 253990
50800 253990
50800 253990
50900 254490
50900 254490
50900 254490
51000 254990
51000 254990
51000 254990
51100 255490
51100 255490
51100 255490
51200 255990
51200 255990
51200 255990
51300 256490
51300 256490
51300 256490
51400 256990
51400 256990
51400 256990
51500 257490
51500 257490
51500 257490
51600 257990
51600 257990
51600 257990
51700 258490
51700 258490
51700 258490
51800 258990
51800 258990
51800 258990
51900 259490
51900 259490
51900 259490
52000 259990
52000 259990
52000 259990
52100 260490
52100 260490
52100 260490
52200 260990
52200 260990
52200 260990
52300 261490
52300 261490
52300 261490
52400 261990
52400 261990
52400 261990
52500 262490
52500 262490
52500 262490
52600 262990
52600 262990
52600 262990
52700 263490
52700 263490
52700 263490
52800 263990
52800 263990
52800 263990
52900 264490
52900 264490
52900 264490
53000 264990
53000 264990
53000 264990
53100 265490
53100 265490
53100 265490
53200 265990
53200 265990
53200 265990
53300 266490
53300 266490
53300 266490
53400 266990
53400 266990
53400 266990
53500 267490
53500 267490
53500 267490
53600 267990
53600 267990
53600 267990
53700 268490
53700 268490
53700 268490
53800 268990
53800 268990
53800 268990
53900 269490
53900 269490
53900 269490
54000 269990
54000 269990
54000 269990
54100 270490
54100 270490
54100 270490
54200 270990
54200 270990
54200 270990
54300 271490
54300 271490
54300 271490
54400 271990
54400 271990
54400 271990
54500 272490
54500 272490
54500 272490
54600 272990
54600 272990
54600 272990
54700 273490
54700 273490
54700 273490
54800 273990
54800 273990
54800 273990
54900 274490
54900 274490
54900 274490
55000 274990
55000 274990
55000 274990
55100 275490
55100 275490
55100 275490
55200 275990
55200 275990
55200 275990
55300 276490
55300 276490
55300 276490
55400 276990
55400 276990
55400 276990
55500 277490
55500 277490
55500 277490
55600 277990
55600 277990
55600 277990
55700 278490
55700 278490
55700 278490
55800 278990
55800 278990
55800 278990
55900 279490
55900 279490
55900 279490
56000 279990
56000 279990
56000 279990
56100 280490
56100 280490
56100 280490
56200 280990
56200 280990
56200 280990
56300 281490
56300 281490
56300 281490
56400 281990
56400 281990
56400 281990
56500 282490
56500 282490
56500 282490
56600 282990
56600 282990
56600 282990
56700 283490
56700 283490
56700 283490
56800 283990
56800 283990
56800 283990
56900 284490
56900 284490
56900 284490
57000 284990
57000 284990
57000 284990
57100 285490
57100 285490
57100 285490
57200 285990
57200 285990
57200 285990
57300 286490
57300 286490
57300 286490
57400 286990
57400 286990
57400 286990
57500 287490
57500 287490
57500 287490
57600 287990
57600 287990
57600 287990
57700 288490
57700 288490
57700 288490
57800 288990
57800 288990
57800 288990
57900 289490
57900 289490
57900 289490
58000 289990
58000 289990
58000 289990
58100 290490
58100 290490
58100 290490
58200 290990
58200 290990
58200 290990
58300 291490
58300 291490
58300 291490
58400 291990
58400 291990
58400 291990
58500 292490
58500 292490
58500 292490
58600 292990
58600 292990
58600 292990
58700 293490
58700 293490
58700 293490
58800 293990
58800 293990
58800 293990
58900 294490
58900 294490
58900 294490
59000 294990
59000 294990
59000 294990
59100 295490
59100 295490
59100 295490
59200 295990
59200 295990
59200 295990
59300 296490
59300 296490
59300 296490
59400 296990
59400 296990
59400 296990
59500 297490
59500 297490
59500 297490
59600 297990
59600 297990
59600 297990
59700 298490
59700 298490
59700 298490
59800 298990
59800 298990
59800 298990
59900 299490
59900 299490
59900 299490
60000 299990
60000 299990
60000 299990
60100 300490
60100 300490
60100 300490
60200 300990
60200 300990
60200 300990
60300 301490
60300 301490
60300 301490
60400 301990
60400 301990
60400 301990
60500 302490
60500 302490
60500 302490
60600 302990
60600 302990
60600 302990
60700 303490
60700 303490
60700 303490
60800 303990
60800 303990
60800 303990
60900 304490
60900 304490
60900 304490
61000 304990
61000 304990
61000 304990
61100 305490
61100 305490
61100 305490
61200 305990
61200 305990
61200 305990
61300 306490
61300 306490
61300 306490
61400 306990
61400 306990
61400 306990
61500 307490
61500 307490
61500 307490
61600 307990
61600 307990
61600 307990
61700 308490
61700 308490
61700 308490
61800 308990
61800 308990
61800 308990
61900 309490
61900 309490
61900 309490
62000 309990
62000 309990
62000 309990
62100 310490
62100 310490
62100 310490
62200 310990
62200 310990
62200 310990
62300 311490
62300 311490
62300 311490
62400 311990
62400 311990
62400 311990
62500 312490
62500 312490
62500 312490
62600 312990
62600 312990
62600 312990
62700 313490
62700 313490
62700 313490
62800 313990
62800 313990
62800 313990
62900 314490
62900 314490
62900 314490
63000 314990
63000 314990
63000 314990
63100 315490
63100 315490
63100 315490
63200 315990
63200 315990
63200 315990
63300 316490
63300 316490
63300 316490
63400 316990
63400 316990
63400 316990
63500 317490
63500 317490
63500 317490
63600 317990
63600 317990
63600 317990
63700 318490
63700 318490
63700 318490
63800 318990
63800 318990
63800 318990
63900 319490
63900 319490
63900 319490
64000 319990
64000 319990
64000 319990
64100 320490
64100 320490
64100 320490
64200 320990
64200 320990
64200 320990
64300 321490
64300 321490
64300 321490
64400 321990
64400 321990
64400 321990
64500 322490
64500 322490
64500 322490
64600 322990
64600 322990
64600 322990
64700 323490
64700 323490
64700 323490
64800 323990
64800 323990
64800 323990
64900 324490
64900 324490
64900 324490
65000 324990
65000 324990
65000 324990
65100 325490
65100 325490
65100 325490
65200 325990
65200 325990
65200 325990
65300 326490
65300 326490
65300 326490
65400 326990
65400 326990
65400 326990
65500 327490
65500 327490
65500 327490
65600 327990
65600 327990
65600 327990
65700 328490
65700 328490
65700 328490
65800 328990
65800 328990
65800 328990
65900 329490
65900 329490
65900 329490
66000 329990
66000 329990
66000 329990
66100 330490
66100 330490
66100 330490
66200 330990
66200 330990
66200 330990
66300 331490
66300 331490
66300 331490
66400 331990
66400 331990
66400 331990
66500 332490
66500 332490
66500 332490
66600 332990
66600 332990
66600 332990
66700 333490
66700 333490
66700 333490
66800 333990
66800 333990
66800 333990
66900 334490
66900 334490
66900 334490
67000 334990
67000 334990
67000 334990
67100 335490
67100 335490
67100 335490
67200 335990
67200 335990
67200 335990
67300 336490
67300 336490
67300 336490
67400 336990
67400 336990
67400 336990
67500 337490
67500 337490
67500 337490
67600 337990
67600 337990
67600 337990
67700 338490
67700 338490
67700 338490
67800 338990
67800 338990
67800 338990
67900 339490
67900 339490
67900 339490
68000 339990
68000 339990
68000 339990
68100 340490
68100 340490
68100 340490
68200 340990
68200 340990
68200 340990
68300 341490
68300 341490
68300 341490
68400 341990
68400 341990
68400 341990
68500 342490
68500 342490
68500 342490
68600 342990
68600 342990
68600 342990
68700 343490
68700 343490
68700 343490
68800 343990
68800 343990
68800 343990
68900 344490
68900 344490
68900 344490
69000 344990
69000 344990
69000 344990
69100 345490
69100 345490
69100 345490
69200 345990
69200 345990
69200 345990
69300 346490
69300 346490
69300 346490
69400 346990
69400 346990
69400 346990
69500 347490
69500 347490
69500 347490
69600 347990
69600 347990
69600 347990
69700 348490
69700 348490
69700 348490
69800 348990
69800 348990
69800 348990
69900 349490
69900 349490
69900 349490
70000 349990
70000 349990
70000 349990
70100 350490
70100 350490
70100 350490
70200 350990
70200 350990
70200 350990
70300 351490
70300 351490
70300 351490
70400 351990
70400 351990
70400 351990
70500 352490
70500 352490
70500 352490
70600 352990
70600 352990
70600 352990
70700 353490
70700 353490
70700 353490
70800 353990
70800 353990
70800 353990
70900 354490
70900 354490
70900 354490
71000 354990
71000 354990
71000 354990
71100 355490
71100 355490
71100 355490
71200 355990
71200 355990
71200 355990
71300 356490
71300 356490
71300 356490
71400 356990
71400 356990
71400 356990
71500 357490
71500 357490
71500 357490
71600 357990
71600 357990
71600 357990
71700 358490
71700 358490
71700 358490
71800 358990
71800 358990
71800 358990
71900 359490
71900 359490
71900 359490
72000 359990
72000 359990
72000 359990
72100 360490
72100 360490
72100 360490
72200 360990
72200 360990
72200 360990
72300 361490
72300 361490
72300 361490
72400 361990
72400 361990
72400 361990
72500 362490
72500 362490
72500 362490
72600 362990
72600 362990
72600 362990
72700 363490
72700 363490
72700 363490
72800 363990
72800 363990
72800 363990
72900 364490
72900 364490
72900 364490
73000 364990
73000 364990
73000 364990
73100 365490
73100 365490
73100 365490
73200 365990
73200 365990
73200 365990
73300 366490
73300 366490
73300 366490
73400 366990
73400 366990
73400 366990
73500 367490
73500 367490
73500 367490
73600 367990
73600 367990
73600 367990
73700 368490
73700 368490
73700 368490
73800 368990
73800 368990
73800 368990
73900 369490
73900 369490
73900 369490
74000 369990
74000 369990
74000 369990
74100 370490
74100 370490
74100 370490
74200 370990
74200 370990
74200 370990
74300 371490
74300 371490
74300 371490
74400 371990
74400 371990
74400 371990
74500 372490
74500 372490
74500 372490
74600 372990
74600 372990
74600 372990
74700 373490
74700 373490
74700 373490
74800 373990
74800 373990
74800 373990
74900 374490
74900 374490
74900 374490
75000 374990
75000 374990
75000 374990
75100 375490
75100 375490
75100 375490
75200 375990
75200 375990
75200 375990
75300 376490
75300 376490
75300 376490
75400 376990
75400 376990
75400 376990
75500 377490
75500 377490
75500 377490
75600 377990
75600 377990
75600 377990
75700 378490
75700 378490
75700 378490
75800 378990
75800 378990
75800 378990
75900 379490
75900 379490
75900 379490
76000 379990
76000 379990
76000 379990
76100 380490
76100 380490
76100 380490
76200 380990
76200 380990
76200 380990
76300 381490
76300 381490
76300 381490
76400 381990
76400 381990
76400 381990
76500 382490
76500 382490
76500 382490
76600 382990
76600 382990
76600 382990
76700 383490
76700 383490
76700 383490
76800 383990
76800 383990
76800 383990
76900 384490
76900 384490
76900 384490
77000 384990
77000 384990
77000 384990
77100 385490
77100 385490
77100 385490
77200 385990
77200 385990
77200 385990
77300 386490
77300 386490
77300 386490
77400 386990
77400 386990
77400 386990
77500 387490
77500 387490
77500 387490
77600 387990
77600 387990
77600 387990
77700 388490
77700 388490
77700 388490
77800 388990
77800 388990
77800 388990
77900 389490
77900 389490
77900 389490
78000 389990
78000 389990
78000 389990
78100 390490
78100 390490
78100 390490
78200 390990
78200 390990
78200 390990
78300 391490
78300 391490
78300 391490
78400 391990
78400 391990
78400 391990
78500 392490
78500 392490
78500 392490
78600 392990
78600 392990
78600 392990
78700 393490
78700 393490
78700 393490
78800 393990
78800 393990
78800 393990
78900 394490
78900 394490
78900 394490
79000 394990
79000 394990
79000 394990
79100 395490
79100 395490
79100 395490
79200 395990
79200 395990
79200 395990
79300 396490
79300 396490
79300 396490
79400 396990
79400 396990
79400 396990
79500 397490
79500 397490
79500 397490
79600 397990
79600 397990
79600 397990
79700 398490
79700 398490
79700 398490
79800 398990
79800 398990
79800 398990
79900 399490
79900 399490
79900 399490
80000 399990
80000 399990
80000 399990
80100 400490
80100 400490
80100 400490
80200 400990
80200 400990
80200 400990
80300 401490
80300 401490
80300 401490
80400 401990
80400 401990
80400 401990
80500 402490
80500 402490
80500 402490
80600 402990
80600 402990
80600 402990
80700 403490
80700 403490
80700 403490
80800 403990
80800 403990
80800 403990
80900 404490
80900 404490
80900 404490
81000 404990
81000 404990
81000 404990
81100 405490
81100 405490
81100 405490
81200 405990
81200 405990
81200 405990
81300 406490
81300 406490
81300 406490
81400 406990
81400 406990
81400 406990
81500 407490
81500 407490
81500 407490
81600 407990
81600 407990
81600 407990
81700 408490
81700 408490
81700 408490
81800 408990
81800 408990
81800 408990
81900 409490
81900 409490
81900 409490
82000 409990
82000 409990
82000 409990
82100 410490
82100 410490
82100 410490
82200 410990
82200 410990
82200 410990
82300 411490
82300 411490
82300 411490
82400 411990
82400 411990
82400 411990
82500 412490
82500 412490
82500 412490
82600 412990
82600 412990
82600 412990
82700 413490
82700 413490
82700 413490
82800 413990
82800 413990
82800 413990
82900 414490
82900 414490
82900 414490
83000 414990
83000 414990
83000 414990
83100 415490
83100 415490
83100 415490
83200 415990
83200 415990
83200 415990
83300 416490
83300 416490
83300 416490
83400 416990
83400 416990
83400 416990
83500 417490
83500 417490
83500 417490
83600 417990
83600 417990
83600 417990
83700 418490
83700 418490
83700 418490
83800 418990
83800 418990
83800 418990
83900 419490
83900 419490
83900 419490
84000 419990
84000 419990
84000 419990
84100 420490
84100 420490
84100 420490
84200 420990
84200 420990
84200 420990
84300 421490
84300 421490
84300 421490
84400 421990
84400 421990
84400 421990
84500 422490
84500 422490
84500 422490
84600 422990
84600 422990
84600 422990
84700 423490
84700 423490
84700 423490
84800 423990
84800 423990
84800 423990
84900 424490
84900 424490
84900 424490
85000 424990
85000 424990
85000 424990
85100 425490
85100 425490
85100 425490
85200 425990
85200 425990
85200 425990
85300 426490
85300 426490
85300 426490
85400 426990
85400 426990
85400 426990
85500 427490
85500 427490
85500 427490
85600 427990
85600 427990
85600 427990
85700 428490
85700 428490
85700 428490
85800 428990
85800 428990
85800 428990
85900 429490
85900 429490
85900 429490
86000 429990
86000 429990
86000 429990
86100 430490
86100 430490
86100 430490
86200 430990
86200 430990
86200 430990
86300 431490
86300 431490
86300 431490
86400 431990
86400 431990
86400 431990
86500 432490
86500 432490
86500 432490
86600 432990
86600 432990
86600 432990
86700 433490
86700 433490
86700 433490
86800 433990
86800 433990
86800 433990
86900 434490
86900 434490
86900 434490
87000 434990
87000 434990
87000 434990
87100 435490
87100 435490
87100 435490
87200 435990
87200 435990
87200 435990
87300 436490
87300 436490
87300 436490
87400 436990
87400 436990
87400 436990
87500 437490
87500 437490
87500 437490
87600 437990
87600 437990
87600 437990
87700 438490
87700 438490
87700 438490
87800 438990
87800 438990
87800 438990
87900 439490
87900 439490
87900 439490
88000 439990
88000 439990
88000 439990
88100 440490
88100 440490
88100 440490
88200 440990
88200 440990
88200 440990
88300 441490
88300 441490
88300 441490
88400 441990
88400 441990
88400 441990
88500 442490
88500 442490
88500 442490
88600 442990
88600 442990
88600 442990
88700 443490
88700 443490
88700 443490
88800 443990
88800 443990
88800 443990
88900 444490
88900 444490
88900 444490
89000 444990
89000 444990
89000 444990
89100 445490
89100 445490
89100 445490
89200 445990
89200 445990
89200 445990
89300 446490
89300 446490
89300 446490
89400 446990
89400 446990
89400 446990
89500 447490
89500 447490
89500 447490
89600 447990
89600 447990
89600 447990
89700 448490
89700 448490
89700 448490
89800 448990
89800 448990
89800 448990
89900 449490
89900 449490
89900 449490
90000 449990
90000 449990
90000 449990
90100 450490
90100 450490
90100 450490
90200 450990
90200 450990
90200 450990
90300 451490
90300 451490
90300 451490
90400 451990
90400 451990
90400 451990
90500 452490
90500 452490
90500 452490
90600 452990
90600 452990
90600 452990
90700 453490
90700 453490
90700 453490
90800 453990
90800 453990
90800 453990
90900 454490
90900 454490
90900 454490
91000 454990
91000 454990
91000 454990
91100 455490
91100 455490
91100 455490
91200 455990
91200 455990
91200 455990
91300 456490
91300 456490
91300 456490
91400 456990
91400 456990
91400 456990
91500 457490
91500 457490
91500 457490
91600 457990
91600 457990
91600 457990
91700 458490
91700 458490
91700 458490
91800 458990
91800 458990
91800 458990
91900 459490
91900 459490
91900 459490
92000 459990
92000 459990
92000 459990
92100 460490
92100 460490
92100 460490
92200 460990
92200 460990
92200 460990
92300 461490
92300 461490
92300 461490
92400 461990
92400 461990
92400 461990
92500 462490
92500 462490
92500 462490
92600 462990
92600 462990
92600 462990
92700 463490
92700 463490
92700 463490
92800 463990
92800 463990
92800 463990
92900 464490
92900 464490
92900 464490
93000 464990
93000 464990
93000 464990
93100 465490
93100 465490
93100 465490
93200 465990
93200 465990
93200 465990
93300 466490
93300 466490
93300 466490
93400 466990
93400 466990
93400 466990
93500 467490
93500 467490
93500 467490
93600 467990
93600 467990
93600 467990
93700 468490
93700 468490
93700 468490
93800 468990
93800 468990
93800 468990
93900 469490
93900 469490
93900 469490
94000 469990
94000 469990
94000 469990
94100 470490
94100 470490
94100 470490
94200 470990
94200 470990
94200 470990
94300 471490
94300 471490
94300 471490
94400 471990
94400 471990
94400 471990
94500 472490
94500 472490
94500 472490
94600 472990
94600 472990
94600 472990
94700 473490
94700 473490
94700 473490
94800 473990
94800 473990
94800 473990
94900 474490
94900 474490
94900 474490
95000 474990
95000 474990
95000 474990
95100 475490
95100 475490
95100 475490
95200 475990
95200 475990
95200 475990
95300 476490
95300 476490
95300 476490
95400 476990
95400 476990
95400 476990
95500 477490
95500 477490
95500 477490
95600 477990
95600 477990
95600 477990
95700 478490
95700 478490
95700 478490
95800 478990
95800 478990
95800 478990
95900 479490
95900 479490
95900 479490
96000 479990
96000 479990
96000 479990
96100 480490
96100 480490
96100 480490
96200 480990
96200 480990
96200 480990
96300 481490
96300 481490
96300 481490
96400 481990
96400 481990
96400 481990
96500 482490
96500 482490
96500 482490
96600 482990
96600 482990
96600 482990
96700 483490
96700 483490
96700 483490
96800 483990
96800 483990
96800 483990
96900 484490
96900 484490
96900 484490
97000 484990
97000 484990
97000 484990
97100 485490
97100 485490
97100 485490
97200 485990
97200 485990
97200 485990
97300 486490
97300 486490
97300 486490
97400 486990
97400 486990
97400 486990
97500 487490
97500 487490
97500 487490
97600 487990
97600 487990
97600 487990
97700 488490
97700 488490
97700 488490
97800 488990
97800 488990
97800 488990
97900 489490
97900 489490
97900 489490
98000 489990
98000 489990
98000 489990
98100 490490
98100 490490
98100 490490
98200 490990
98200 490990
98200 490990
98300 491490
98300 491490
98300 491490
98400 491990
98400 491990
98400 491990
98500 492490
98500 492490
98500 492490
98600 492990
98600 492990
98600 492990
98700 493490
98700 493490
98700 493490
98800 493990
98800 493990
98800 493990
98900 494490
98900 494490
98900 494490
99000 494990
99000 494990
99000 494990
99100 495490
99100 495490
99100 495490
99200 495990
99200 495990
99200 495990
99300 496490
99300 496490
99300 496490
99400 496990
99400 496990
99400 496990
99500 497490
99500 497490
99500 497490
99600 497990
99600 497990
99600 497990
99700 498490
99700 498490
99700 498490
99800 498990
99800 498990
99800 498990
99900 499490
99900 499490
99900 499490
100000 499990
100000 499990
100000 499990
