5 16
5 12
5 23
6 19
6 12
6 19
7 23
7 24
7 19
8 17
8 31
8 22
9 29
9 18
9 23
10 42
10 30
10 29
11 33
11 64
11 34
12 35
12 35
12 37
13 47
13 61
13 47
14 54
14 53
14 46
15 67
15 74
15 40
16 41
16 57
16 42
17 67
17 47
17 72
18 68
18 60
18 76
19 73
19 72
19 100
20 104
20 108
20 90
21 74
21 85
21 74
22 105
22 116
22 97
23 92
23 77
23 133
24 85
24 95
24 122
25 122
25 115
25 133
26 116
26 123
26 182
27 116
27 109
27 138
28 153
28 96
28 223
29 115
29 153
29 120
30 137
30 97
30 145
31 155
31 113
31 154
32 101
32 122
32 152
33 132
33 147
33 103
34 113
34 149
34 132
35 126
35 175
35 158
36 150
36 246
36 132
37 170
37 149
37 253
38 117
38 142
38 131
39 218
39 118
39 255
40 174
40 161
40 144
41 223
41 213
41 175
42 270
42 180
42 234
43 176
43 206
43 216
44 170
44 208
44 186
45 219
45 289
45 172
46 193
46 181
46 231
47 222
47 326
47 245
48 280
48 243
48 281
49 307
49 292
49 318
50 255
50 226
50 273
51 318
51 217
51 299
52 248
52 198
52 322
53 339
53 202
53 258
54 403
54 204
54 235
55 231
55 257
55 276
56 358
56 278
56 260
57 444
57 324
57 299
58 257
58 334
58 311
59 277
59 292
59 301
60 227
60 342
60 268
61 292
61 321
61 385
62 341
62 343
62 293
63 432
63 476
63 386
64 353
64 390
64 290
65 338
65 263
65 342
66 327
66 430
66 371
67 292
67 359
67 365
68 375
68 394
68 386
69 374
69 457
69 319
70 478
70 427
70 339
71 463
71 361
71 282
72 363
72 411
72 477
73 397
73 419
73 474
74 408
74 355
74 405
75 355
75 512
75 363
76 292
76 384
76 343
77 407
77 487
77 500
78 384
78 358
78 434
79 440
79 415
79 508
80 356
80 375
80 340
81 555
81 484
81 382
82 387
82 432
82 386
83 476
83 372
83 431
84 339
84 553
84 480
85 661
85 479
85 518
86 624
86 449
86 527
87 634
87 388
87 558
88 476
88 475
88 476
89 452
89 405
89 387
90 423
90 404
90 390
91 455
91 444
91 527
92 723
92 444
92 492
93 454
93 822
93 626
94 403
94 567
94 458
95 509
95 551
95 554
96 557
96 533
96 506
97 475
97 769
97 439
98 585
98 617
98 601
99 496
99 620
99 603
100 453
100 574
100 523
