100 502
100 525
100 557
200 956
200 898
200 1225
300 1764
300 2037
300 1686
400 2676
400 2313
400 2401
500 3519
500 2938
500 3423
600 4334
600 3868
600 3636
700 4451
700 5006
700 4758
800 6019
800 4719
800 4804
900 5771
900 5578
900 5908
1000 7954
1000 7576
1000 6725
1100 8029
1100 7891
1100 7434
1200 8696
1200 8116
1200 7579
1300 7709
1300 8798
1300 8652
1400 9434
1400 10991
1400 8920
1500 9131
1500 10213
1500 11301
1600 13031
1600 13476
1600 11519
1700 13114
1700 11162
1700 12407
1800 13186
1800 13164
1800 15757
1900 14894
1900 13285
1900 16624
2000 15974
2000 15124
2000 16344
2100 14693
2100 15059
2100 16309
2200 16604
2200 18314
2200 17090
2300 17088
2300 16894
2300 20053
2400 19022
2400 19717
2400 17179
2500 17198
2500 18206
2500 19366
2600 22947
2600 18155
2600 21662
2700 19702
2700 19716
2700 22624
2800 21488
2800 23022
2800 20689
2900 22741
2900 22754
2900 24463
3000 25334
3000 22105
3000 25515
3100 23488
3100 21683
3100 22039
3200 27414
3200 22863
3200 25002
3300 25123
3300 28104
3300 24848
3400 26150
3400 24492
3400 24223
3500 27843
3500 32875
3500 27311
3600 31918
3600 30695
3600 27871
3700 33138
3700 30228
3700 29736
3800 30707
3800 34583
3800 36407
3900 30819
3900 31135
3900 33576
4000 31836
4000 28859
4000 35285
4100 31611
4100 36821
4100 31098
4200 34351
4200 31878
4200 36682
4300 33536
4300 38003
4300 35866
4400 33960
4400 33782
4400 34967
4500 34270
4500 40728
4500 41721
4600 35706
4600 38619
4600 37888
4700 38233
4700 34766
4700 38815
4800 34274
4800 41443
4800 38494
4900 41343
4900 37650
4900 40003
5000 42862
5000 39107
5000 38753
5100 42640
5100 45299
5100 45541
5200 42798
5200 42184
5200 39739
5300 46148
5300 42534
5300 45684
5400 44568
5400 46199
5400 48992
5500 50277
5500 47197
5500 43511
5600 45030
5600 50089
5600 48242
5700 46464
5700 49226
5700 44325
5800 45611
5800 46774
5800 50276
5900 47977
5900 48612
5900 43506
6000 53702
6000 53077
6000 45417
6100 48930
6100 57819
6100 52564
6200 50024
6200 57379
6200 51119
6300 67833
6300 54404
6300 50917
6400 51856
6400 60486
6400 58539
6500 61433
6500 54511
6500 59614
6600 60132
6600 59786
6600 66556
6700 56938
6700 61277
6700 63578
6800 53519
6800 64192
6800 59940
6900 55484
6900 60177
6900 63251
7000 57224
7000 53895
7000 61576
7100 59776
7100 58012
7100 60921
7200 59971
7200 67329
7200 58241
7300 60015
7300 63002
7300 65282
7400 58107
7400 61019
7400 63556
7500 60286
7500 58996
7500 65523
7600 73352
7600 62793
7600 63838
7700 71647
7700 70364
7700 73952
7800 70888
7800 71566
7800 65777
7900 68294
7900 72568
7900 67325
8000 67352
8000 75387
8000 71115
8100 69065
8100 65746
8100 74538
8200 72296
8200 81885
8200 79501
8300 71525
8300 73272
8300 74761
8400 73995
8400 75168
8400 69320
8500 72377
8500 73745
8500 67642
8600 75242
8600 69137
8600 69679
8700 83714
8700 81096
8700 87404
8800 81406
8800 86147
8800 81131
8900 78707
8900 70788
8900 75469
9000 85298
9000 83953
9000 76787
9100 79510
9100 80809
9100 76029
9200 82278
9200 89690
9200 90087
9300 89218
9300 82115
9300 81648
9400 81163
9400 80887
9400 79442
9500 92929
9500 80074
9500 85429
9600 102557
9600 82913
9600 78439
9700 95809
9700 81329
9700 93545
9800 85423
9800 92418
9800 109549
9900 89173
9900 97198
9900 94182
10000 93688
10000 87765
10000 88057
10100 95557
10100 90730
10100 88835
10200 106630
10200 107541
10200 88163
10300 88768
10300 102642
10300 105098
10400 100011
10400 92685
10400 102422
10500 102577
10500 94660
10500 98851
10600 100875
10600 103839
10600 94093
10700 93712
10700 96653
10700 96489
10800 100958
10800 96107
10800 102090
10900 91939
10900 97332
10900 95743
11000 95786
11000 90149
11000 100341
11100 107953
11100 110934
11100 94570
11200 98185
11200 89515
11200 96119
11300 98043
11300 99433
11300 111788
11400 103552
11400 103443
11400 98402
11500 103077
11500 109836
11500 112106
11600 112320
11600 111016
11600 110223
11700 121651
11700 105999
11700 107045
11800 104465
11800 100914
11800 101182
11900 110974
11900 101971
11900 105446
12000 101948
12000 105557
12000 105462
12100 114431
12100 115842
12100 107604
12200 115910
12200 108685
12200 111279
12300 117913
12300 122059
12300 118221
12400 108314
12400 115920
12400 108483
12500 114241
12500 104105
12500 110049
12600 119982
12600 125035
12600 118307
12700 122582
12700 127833
12700 110731
12800 121879
12800 113532
12800 106878
12900 120644
12900 118276
12900 117202
13000 109560
13000 118386
13000 122676
13100 135763
13100 124859
13100 129780
13200 129285
13200 117641
13200 112169
13300 138386
13300 112550
13300 123816
13400 132296
13400 128478
13400 123391
13500 114302
13500 124167
13500 132551
13600 147015
13600 120277
13600 126000
13700 127689
13700 127605
13700 124497
13800 131718
13800 128778
13800 145568
13900 127105
13900 117885
13900 121506
14000 139028
14000 131466
14000 122938
14100 131549
14100 118067
14100 128386
14200 129803
14200 123725
14200 128322
14300 153131
14300 136821
14300 146983
14400 135400
14400 136215
14400 122836
14500 125181
14500 142551
14500 131492
14600 140302
14600 158786
14600 132199
14700 138979
14700 133873
14700 141253
14800 142202
14800 141884
14800 136799
14900 140037
14900 143736
14900 134059
15000 139145
15000 139907
15000 167520
15100 146431
15100 136188
15100 150655
15200 142732
15200 137849
15200 137579
15300 170686
15300 146899
15300 145859
15400 140562
15400 147172
15400 162037
15500 145352
15500 146001
15500 155664
15600 148008
15600 151770
15600 173651
