100 672
100 672
100 672
200 1544
200 1544
200 1544
300 2488
300 2488
300 2488
400 3488
400 3488
400 3488
500 4488
500 4488
500 4488
600 5576
600 5576
600 5576
700 6676
700 6676
700 6676
800 7776
800 7776
800 7776
900 8876
900 8876
900 8876
1000 9976
1000 9976
1000 9976
1100 11152
1100 11152
1100 11152
1200 12352
1200 12352
1200 12352
1300 13552
1300 13552
1300 13552
1400 14752
1400 14752
1400 14752
1500 15952
1500 15952
1500 15952
1600 17152
1600 17152
1600 17152
1700 18352
1700 18352
1700 18352
1800 19552
1800 19552
1800 19552
1900 20752
1900 20752
1900 20752
2000 21952
2000 21952
2000 21952
2100 23204
2100 23204
2100 23204
2200 24504
2200 24504
2200 24504
2300 25804
2300 25804
2300 25804
2400 27104
2400 27104
2400 27104
2500 28404
2500 28404
2500 28404
2600 29704
2600 29704
2600 29704
2700 31004
2700 31004
2700 31004
2800 32304
2800 32304
2800 32304
2900 33604
2900 33604
2900 33604
3000 34904
3000 34904
3000 34904
3100 36204
3100 36204
3100 36204
3200 37504
3200 37504
3200 37504
3300 38804
3300 38804
3300 38804
3400 40104
3400 40104
3400 40104
3500 41404
3500 41404
3500 41404
3600 42704
3600 42704
3600 42704
3700 44004
3700 44004
3700 44004
3800 45304
3800 45304
3800 45304
3900 46604
3900 46604
3900 46604
4000 47904
4000 47904
4000 47904
4100 49208
4100 49208
4100 49208
4200 50608
4200 50608
4200 50608
4300 52008
4300 52008
4300 52008
4400 53408
4400 53408
4400 53408
4500 54808
4500 54808
4500 54808
4600 56208
4600 56208
4600 56208
4700 57608
4700 57608
4700 57608
4800 59008
4800 59008
4800 59008
4900 60408
4900 60408
4900 60408
5000 61808
5000 61808
5000 61808
5100 63208
5100 63208
5100 63208
5200 64608
5200 64608
5200 64608
5300 66008
5300 66008
5300 66008
5400 67408
5400 67408
5400 67408
5500 68808
5500 68808
5500 68808
5600 70208
5600 70208
5600 70208
5700 71608
5700 71608
5700 71608
5800 73008
5800 73008
5800 73008
5900 74408
5900 74408
5900 74408
6000 75808
6000 75808
6000 75808
6100 77208
6100 77208
6100 77208
6200 78608
6200 78608
6200 78608
6300 80008
6300 80008
6300 80008
6400 81408
6400 81408
6400 81408
6500 82808
6500 82808
6500 82808
6600 84208
6600 84208
6600 84208
6700 85608
6700 85608
6700 85608
6800 87008
6800 87008
6800 87008
6900 88408
6900 88408
6900 88408
7000 89808
7000 89808
7000 89808
7100 91208
7100 91208
7100 91208
7200 92608
7200 92608
7200 92608
7300 94008
7300 94008
7300 94008
7400 95408
7400 95408
7400 95408
7500 96808
7500 96808
7500 96808
7600 98208
7600 98208
7600 98208
7700 99608
7700 99608
7700 99608
7800 101008
7800 101008
7800 101008
7900 102408
7900 102408
7900 102408
8000 103808
8000 103808
8000 103808
8100 105208
8100 105208
8100 105208
8200 106616
8200 106616
8200 106616
8300 108116
8300 108116
8300 108116
8400 109616
8400 109616
8400 109616
8500 111116
8500 111116
8500 111116
8600 112616
8600 112616
8600 112616
8700 114116
8700 114116
8700 114116
8800 115616
8800 115616
8800 115616
8900 117116
8900 117116
8900 117116
9000 118616
9000 118616
9000 118616
9100 120116
9100 120116
9100 120116
9200 121616
9200 121616
9200 121616
9300 123116
9300 123116
9300 123116
9400 124616
9400 124616
9400 124616
9500 126116
9500 126116
9500 126116
9600 127616
9600 127616
9600 127616
9700 129116
9700 129116
9700 129116
9800 130616
9800 130616
9800 130616
9900 132116
9900 132116
9900 132116
10000 133616
10000 133616
10000 133616
10100 135116
10100 135116
10100 135116
10200 136616
10200 136616
10200 136616
10300 138116
10300 138116
10300 138116
10400 139616
10400 139616
10400 139616
10500 141116
10500 141116
10500 141116
10600 142616
10600 142616
10600 142616
10700 144116
10700 144116
10700 144116
10800 145616
10800 145616
10800 145616
10900 147116
10900 147116
10900 147116
11000 148616
11000 148616
11000 148616
11100 150116
11100 150116
11100 150116
11200 151616
11200 151616
11200 151616
11300 153116
11300 153116
11300 153116
11400 154616
11400 154616
11400 154616
11500 156116
11500 156116
11500 156116
11600 157616
11600 157616
11600 157616
11700 159116
11700 159116
11700 159116
11800 160616
11800 160616
11800 160616
11900 162116
11900 162116
11900 162116
12000 163616
12000 163616
12000 163616
12100 165116
12100 165116
12100 165116
12200 166616
12200 166616
12200 166616
12300 168116
12300 168116
12300 168116
12400 169616
12400 169616
12400 169616
12500 171116
12500 171116
12500 171116
12600 172616
12600 172616
12600 172616
12700 174116
12700 174116
12700 174116
12800 175616
12800 175616
12800 175616
12900 177116
12900 177116
12900 177116
13000 178616
13000 178616
13000 178616
13100 180116
13100 180116
13100 180116
13200 181616
13200 181616
13200 181616
13300 183116
13300 183116
13300 183116
13400 184616
13400 184616
13400 184616
13500 186116
13500 186116
13500 186116
13600 187616
13600 187616
13600 187616
13700 189116
13700 189116
13700 189116
13800 190616
13800 190616
13800 190616
13900 192116
13900 192116
13900 192116
14000 193616
14000 193616
14000 193616
14100 195116
14100 195116
14100 195116
14200 196616
14200 196616
14200 196616
14300 198116
14300 198116
14300 198116
14400 199616
14400 199616
14400 199616
14500 201116
14500 201116
14500 201116
14600 202616
14600 202616
14600 202616
14700 204116
14700 204116
14700 204116
14800 205616
14800 205616
14800 205616
14900 207116
14900 207116
14900 207116
15000 208616
15000 208616
15000 208616
15100 210116
15100 210116
15100 210116
15200 211616
15200 211616
15200 211616
15300 213116
15300 213116
15300 213116
15400 214616
15400 214616
15400 214616
15500 216116
15500 216116
15500 216116
15600 217616
15600 217616
15600 217616
15700 219116
