5 15
5 15
5 15
6 29
6 29
6 29
7 35
7 35
7 35
8 39
8 39
8 39
9 56
9 56
9 56
10 45
10 45
10 45
11 97
11 97
11 97
12 100
12 100
12 100
13 99
13 99
13 99
14 109
14 109
14 109
15 112
15 112
15 112
16 118
16 118
16 118
17 122
17 122
17 122
18 150
18 150
18 150
19 154
19 154
19 154
20 159
20 159
20 159
21 190
21 190
21 190
22 217
22 217
22 217
23 223
23 223
23 223
24 229
24 229
24 229
25 229
25 229
25 229
26 235
26 266
26 235
27 238
27 238
27 238
28 245
28 245
28 245
29 249
29 249
29 249
30 283
30 283
30 283
31 292
31 292
31 292
32 296
32 296
32 296
33 299
33 299
33 299
34 340
34 340
34 340
35 351
35 351
35 351
36 349
36 349
36 349
37 363
37 363
37 363
38 342
38 342
38 342
39 345
39 345
39 345
40 350
40 350
40 350
41 408
41 408
41 408
42 419
42 419
42 419
43 420
43 420
43 420
44 447
44 447
44 447
45 445
45 445
45 445
46 474
46 474
46 474
47 464
47 464
47 464
48 463
48 463
48 463
49 463
49 463
49 463
50 512
50 512
50 512
51 563
51 563
51 563
52 567
52 567
52 567
53 570
53 570
53 570
54 500
54 500
54 500
55 485
55 485
55 485
56 590
56 590
56 590
57 601
57 601
57 601
58 671
58 671
58 671
59 685
59 685
59 685
60 685
60 685
60 685
61 592
61 592
61 592
62 666
62 651
62 651
63 651
63 651
63 651
64 656
64 656
64 656
65 662
65 662
65 662
66 745
66 745
66 745
67 761
67 761
67 761
68 772
68 772
68 768
69 776
69 776
69 776
70 831
70 831
70 831
71 922
71 922
71 922
72 891
72 891
72 891
73 886
73 886
73 886
74 690
74 690
74 690
75 726
75 726
75 726
76 730
76 730
76 730
77 755
77 755
77 755
78 765
78 764
78 768
79 732
79 732
79 732
80 737
80 737
80 737
81 738
81 738
81 763
82 830
82 830
82 830
83 847
83 847
83 847
84 851
84 851
84 851
85 837
85 837
85 837
86 837
86 837
86 837
87 830
87 830
87 830
88 845
88 845
88 845
89 846
89 846
89 846
90 985
90 985
90 987
91 902
91 902
91 902
92 930
92 930
92 930
93 916
93 914
93 907
94 920
94 920
94 920
95 923
95 923
95 923
96 932
96 932
96 933
97 914
97 914
97 914
98 1116
98 1115
98 1116
99 1141
99 1141
99 1141
100 1150
100 1150
100 1150
